    48.90108       -122.3423    
    48.90124       -122.3241    
    48.90139       -122.3058    
    48.90155       -122.2876    
    48.90169       -122.2693    
    48.90184       -122.2511    
    48.90198       -122.2329    
    48.90212       -122.2146    
    48.90226       -122.1964    
    48.90239       -122.1782    
    48.90252       -122.1599    
    48.90265       -122.1417    
    48.90277       -122.1234    
    48.90290       -122.1052    
    48.90302       -122.0870    
    48.90313       -122.0687    
    48.90324       -122.0505    
    48.90336       -122.0323    
    48.90347       -122.0140    
    48.90357       -121.9958    
    48.90368       -121.9775    
    48.90377       -121.9593    
    48.90387       -121.9411    
    48.90396       -121.9228    
    48.90406       -121.9046    
    48.90414       -121.8864    
    48.90423       -121.8681    
    48.90432       -121.8499    
    48.90439       -121.8316    
    48.90447       -121.8134    
    48.90454       -121.7951    
    48.90461       -121.7769    
    48.90468       -121.7587    
    48.90475       -121.7404    
    48.90481       -121.7222    
    48.90487       -121.7039    
    48.90493       -121.6857    
    48.90498       -121.6674    
    48.90503       -121.6492    
    48.90508       -121.6310    
    48.90512       -121.6127    
    48.90517       -121.5945    
    48.90521       -121.5763    
    48.90525       -121.5580    
    48.90528       -121.5398    
    48.90531       -121.5215    

    48.91307       -122.3426    
    48.91322       -122.3243    
    48.91338       -122.3061    
    48.91353       -122.2878    
    48.91368       -122.2696    
    48.91382       -122.2513    
    48.91396       -122.2331    
    48.91411       -122.2148    
    48.91424       -122.1966    
    48.91438       -122.1784    
    48.91451       -122.1601    
    48.91463       -122.1419    
    48.91476       -122.1236    
    48.91488       -122.1054    
    48.91500       -122.0872    
    48.91512       -122.0689    
    48.91523       -122.0507    
    48.91534       -122.0324    
    48.91545       -122.0142    
    48.91555       -121.9959    
    48.91566       -121.9777    
    48.91576       -121.9594    
    48.91586       -121.9412    
    48.91595       -121.9230    
    48.91604       -121.9047    
    48.91613       -121.8865    
    48.91621       -121.8682    
    48.91630       -121.8500    
    48.91638       -121.8317    
    48.91645       -121.8135    
    48.91653       -121.7953    
    48.91660       -121.7770    
    48.91667       -121.7588    
    48.91673       -121.7405    
    48.91679       -121.7223    
    48.91685       -121.7040    
    48.91691       -121.6858    
    48.91697       -121.6675    
    48.91702       -121.6493    
    48.91706       -121.6310    
    48.91711       -121.6128    
    48.91715       -121.5945    
    48.91719       -121.5763    
    48.91723       -121.5581    
    48.91726       -121.5398    
    48.91730       -121.5216    

    48.92506       -122.3428    
    48.92522       -122.3246    
    48.92537       -122.3063    
    48.92552       -122.2881    
    48.92567       -122.2698    
    48.92581       -122.2516    
    48.92596       -122.2333    
    48.92610       -122.2151    
    48.92624       -122.1968    
    48.92637       -122.1786    
    48.92650       -122.1603    
    48.92663       -122.1421    
    48.92675       -122.1238    
    48.92688       -122.1056    
    48.92699       -122.0873    
    48.92711       -122.0691    
    48.92722       -122.0508    
    48.92734       -122.0326    
    48.92744       -122.0143    
    48.92755       -121.9961    
    48.92765       -121.9778    
    48.92775       -121.9596    
    48.92785       -121.9413    
    48.92794       -121.9231    
    48.92804       -121.9048    
    48.92812       -121.8866    
    48.92821       -121.8683    
    48.92829       -121.8501    
    48.92837       -121.8318    
    48.92844       -121.8136    
    48.92852       -121.7953    
    48.92860       -121.7771    
    48.92866       -121.7589    
    48.92872       -121.7406    
    48.92879       -121.7224    
    48.92885       -121.7041    
    48.92891       -121.6859    
    48.92896       -121.6676    
    48.92902       -121.6494    
    48.92906       -121.6311    
    48.92910       -121.6129    
    48.92915       -121.5946    
    48.92919       -121.5764    
    48.92923       -121.5581    
    48.92926       -121.5399    
    48.92929       -121.5216    

    48.93705       -122.3430    
    48.93720       -122.3248    
    48.93736       -122.3065    
    48.93751       -122.2883    
    48.93766       -122.2700    
    48.93781       -122.2518    
    48.93795       -122.2335    
    48.93809       -122.2153    
    48.93822       -122.1970    
    48.93836       -122.1788    
    48.93849       -122.1605    
    48.93861       -122.1423    
    48.93874       -122.1240    
    48.93886       -122.1058    
    48.93898       -122.0875    
    48.93910       -122.0693    
    48.93922       -122.0510    
    48.93932       -122.0327    
    48.93943       -122.0145    
    48.93954       -121.9962    
    48.93964       -121.9780    
    48.93974       -121.9597    
    48.93984       -121.9415    
    48.93993       -121.9232    
    48.94002       -121.9050    
    48.94011       -121.8867    
    48.94020       -121.8685    
    48.94028       -121.8502    
    48.94036       -121.8320    
    48.94043       -121.8137    
    48.94051       -121.7955    
    48.94058       -121.7772    
    48.94065       -121.7590    
    48.94071       -121.7407    
    48.94078       -121.7224    
    48.94084       -121.7042    
    48.94090       -121.6859    
    48.94095       -121.6677    
    48.94100       -121.6494    
    48.94105       -121.6312    
    48.94109       -121.6129    
    48.94114       -121.5947    
    48.94118       -121.5764    
    48.94121       -121.5582    
    48.94125       -121.5399    
    48.94128       -121.5217    

    48.94904       -122.3433    
    48.94920       -122.3250    
    48.94935       -122.3068    
    48.94950       -122.2885    
    48.94965       -122.2703    
    48.94979       -122.2520    
    48.94994       -122.2337    
    48.95008       -122.2155    
    48.95022       -122.1972    
    48.95035       -122.1790    
    48.95048       -122.1607    
    48.95061       -122.1425    
    48.95073       -122.1242    
    48.95086       -122.1060    
    48.95098       -122.0877    
    48.95110       -122.0694    
    48.95121       -122.0512    
    48.95132       -122.0329    
    48.95143       -122.0147    
    48.95153       -121.9964    
    48.95164       -121.9781    
    48.95174       -121.9599    
    48.95183       -121.9417    
    48.95193       -121.9234    
    48.95201       -121.9051    
    48.95210       -121.8869    
    48.95219       -121.8686    
    48.95227       -121.8503    
    48.95235       -121.8321    
    48.95243       -121.8138    
    48.95250       -121.7956    
    48.95258       -121.7773    
    48.95264       -121.7591    
    48.95271       -121.7408    
    48.95277       -121.7226    
    48.95284       -121.7043    
    48.95289       -121.6860    
    48.95294       -121.6678    
    48.95300       -121.6495    
    48.95304       -121.6313    
    48.95309       -121.6130    
    48.95313       -121.5948    
    48.95317       -121.5765    
    48.95321       -121.5582    
    48.95324       -121.5400    
    48.95327       -121.5217    

    48.96103       -122.3435    
    48.96119       -122.3253    
    48.96134       -122.3070    
    48.96149       -122.2887    
    48.96164       -122.2705    
    48.96178       -122.2522    
    48.96193       -122.2339    
    48.96207       -122.2157    
    48.96220       -122.1974    
    48.96234       -122.1792    
    48.96246       -122.1609    
    48.96260       -122.1427    
    48.96272       -122.1244    
    48.96285       -122.1061    
    48.96296       -122.0879    
    48.96308       -122.0696    
    48.96320       -122.0514    
    48.96331       -122.0331    
    48.96341       -122.0148    
    48.96352       -121.9966    
    48.96362       -121.9783    
    48.96372       -121.9601    
    48.96382       -121.9418    
    48.96391       -121.9235    
    48.96400       -121.9053    
    48.96409       -121.8870    
    48.96418       -121.8687    
    48.96426       -121.8505    
    48.96434       -121.8322    
    48.96442       -121.8140    
    48.96449       -121.7957    
    48.96456       -121.7774    
    48.96463       -121.7592    
    48.96469       -121.7409    
    48.96476       -121.7227    
    48.96482       -121.7044    
    48.96488       -121.6861    
    48.96493       -121.6678    
    48.96498       -121.6496    
    48.96503       -121.6313    
    48.96507       -121.6131    
    48.96512       -121.5948    
    48.96516       -121.5765    
    48.96520       -121.5583    
    48.96523       -121.5400    
    48.96526       -121.5218    

    48.97302       -122.3438    
    48.97318       -122.3255    
    48.97333       -122.3072    
    48.97348       -122.2890    
    48.97364       -122.2707    
    48.97378       -122.2524    
    48.97392       -122.2342    
    48.97406       -122.2159    
    48.97420       -122.1976    
    48.97433       -122.1794    
    48.97446       -122.1611    
    48.97459       -122.1429    
    48.97471       -122.1246    
    48.97484       -122.1063    
    48.97496       -122.0880    
    48.97507       -122.0698    
    48.97519       -122.0515    
    48.97530       -122.0333    
    48.97541       -122.0150    
    48.97551       -121.9967    
    48.97562       -121.9785    
    48.97572       -121.9602    
    48.97581       -121.9419    
    48.97591       -121.9237    
    48.97600       -121.9054    
    48.97609       -121.8871    
    48.97617       -121.8689    
    48.97626       -121.8506    
    48.97633       -121.8323    
    48.97641       -121.8141    
    48.97649       -121.7958    
    48.97655       -121.7775    
    48.97662       -121.7593    
    48.97669       -121.7410    
    48.97676       -121.7227    
    48.97682       -121.7045    
    48.97687       -121.6862    
    48.97692       -121.6679    
    48.97698       -121.6497    
    48.97703       -121.6314    
    48.97707       -121.6131    
    48.97711       -121.5949    
    48.97715       -121.5766    
    48.97719       -121.5583    
    48.97722       -121.5401    
    48.97726       -121.5218    

    48.98501       -122.3440    
    48.98516       -122.3257    
    48.98532       -122.3075    
    48.98547       -122.2892    
    48.98562       -122.2709    
    48.98577       -122.2527    
    48.98590       -122.2344    
    48.98605       -122.2161    
    48.98618       -122.1978    
    48.98632       -122.1796    
    48.98645       -122.1613    
    48.98658       -122.1430    
    48.98670       -122.1248    
    48.98683       -122.1065    
    48.98695       -122.0882    
    48.98706       -122.0700    
    48.98717       -122.0517    
    48.98729       -122.0334    
    48.98740       -122.0152    
    48.98750       -121.9969    
    48.98761       -121.9786    
    48.98771       -121.9604    
    48.98780       -121.9421    
    48.98790       -121.9238    
    48.98799       -121.9055    
    48.98808       -121.8873    
    48.98816       -121.8690    
    48.98824       -121.8507    
    48.98832       -121.8325    
    48.98840       -121.8142    
    48.98847       -121.7959    
    48.98854       -121.7776    
    48.98861       -121.7594    
    48.98868       -121.7411    
    48.98874       -121.7228    
    48.98880       -121.7046    
    48.98886       -121.6863    
    48.98891       -121.6680    
    48.98896       -121.6497    
    48.98901       -121.6315    
    48.98906       -121.6132    
    48.98910       -121.5949    
    48.98914       -121.5767    
    48.98918       -121.5584    
    48.98922       -121.5401    
    48.98924       -121.5219    

    48.99700       -122.3442    
    48.99716       -122.3260    
    48.99731       -122.3077    
    48.99746       -122.2894    
    48.99761       -122.2711    
    48.99776       -122.2529    
    48.99790       -122.2346    
    48.99804       -122.2163    
    48.99818       -122.1981    
    48.99831       -122.1798    
    48.99844       -122.1615    
    48.99857       -122.1432    
    48.99870       -122.1250    
    48.99882       -122.1067    
    48.99894       -122.0884    
    48.99906       -122.0701    
    48.99917       -122.0519    
    48.99928       -122.0336    
    48.99939       -122.0153    
    48.99949       -121.9970    
    48.99960       -121.9788    
    48.99970       -121.9605    
    48.99979       -121.9422    
    48.99989       -121.9240    
    48.99998       -121.9057    
    49.00007       -121.8874    
    49.00015       -121.8691    
    49.00023       -121.8509    
    49.00032       -121.8326    
    49.00040       -121.8143    
    49.00047       -121.7960    
    49.00054       -121.7777    
    49.00061       -121.7595    
    49.00068       -121.7412    
    49.00073       -121.7229    
    49.00079       -121.7047    
    49.00085       -121.6864    
    49.00091       -121.6681    
    49.00096       -121.6498    
    49.00101       -121.6316    
    49.00106       -121.6133    
    49.00110       -121.5950    
    49.00113       -121.5767    
    49.00117       -121.5584    
    49.00121       -121.5402    
    49.00124       -121.5219    

    49.00899       -122.3445    
    49.00915       -122.3262    
    49.00930       -122.3079    
    49.00945       -122.2896    
    49.00960       -122.2714    
    49.00974       -122.2531    
    49.00989       -122.2348    
    49.01003       -122.2166    
    49.01016       -122.1983    
    49.01030       -122.1800    
    49.01043       -122.1617    
    49.01056       -122.1434    
    49.01068       -122.1252    
    49.01080       -122.1069    
    49.01093       -122.0886    
    49.01104       -122.0703    
    49.01116       -122.0520    
    49.01127       -122.0338    
    49.01138       -122.0155    
    49.01148       -121.9972    
    49.01159       -121.9789    
    49.01169       -121.9606    
    49.01178       -121.9424    
    49.01188       -121.9241    
    49.01197       -121.9058    
    49.01206       -121.8875    
    49.01215       -121.8693    
    49.01222       -121.8510    
    49.01230       -121.8327    
    49.01238       -121.8144    
    49.01245       -121.7961    
    49.01253       -121.7779    
    49.01260       -121.7596    
    49.01266       -121.7413    
    49.01272       -121.7230    
    49.01278       -121.7047    
    49.01284       -121.6865    
    49.01290       -121.6682    
    49.01294       -121.6499    
    49.01300       -121.6316    
    49.01304       -121.6133    
    49.01308       -121.5951    
    49.01312       -121.5768    
    49.01316       -121.5585    
    49.01320       -121.5402    
    49.01323       -121.5219    

    49.02098       -122.3447    
    49.02114       -122.3264    
    49.02130       -122.3082    
    49.02145       -122.2899    
    49.02159       -122.2716    
    49.02174       -122.2533    
    49.02188       -122.2350    
    49.02202       -122.2167    
    49.02216       -122.1985    
    49.02229       -122.1802    
    49.02243       -122.1619    
    49.02256       -122.1436    
    49.02268       -122.1253    
    49.02280       -122.1071    
    49.02292       -122.0888    
    49.02303       -122.0705    
    49.02315       -122.0522    
    49.02326       -122.0339    
    49.02337       -122.0157    
    49.02348       -121.9974    
    49.02358       -121.9791    
    49.02368       -121.9608    
    49.02378       -121.9425    
    49.02387       -121.9242    
    49.02396       -121.9059    
    49.02405       -121.8877    
    49.02414       -121.8694    
    49.02422       -121.8511    
    49.02430       -121.8328    
    49.02437       -121.8145    
    49.02445       -121.7962    
    49.02452       -121.7780    
    49.02459       -121.7597    
    49.02465       -121.7414    
    49.02472       -121.7231    
    49.02478       -121.7048    
    49.02483       -121.6866    
    49.02489       -121.6683    
    49.02494       -121.6500    
    49.02499       -121.6317    
    49.02504       -121.6134    
    49.02508       -121.5951    
    49.02512       -121.5768    
    49.02515       -121.5586    
    49.02519       -121.5403    
    49.02522       -121.5220    

    49.03297       -122.3450    
    49.03313       -122.3267    
    49.03328       -122.3084    
    49.03343       -122.2901    
    49.03358       -122.2718    
    49.03372       -122.2535    
    49.03387       -122.2353    
    49.03400       -122.2169    
    49.03415       -122.1987    
    49.03428       -122.1804    
    49.03441       -122.1621    
    49.03454       -122.1438    
    49.03467       -122.1255    
    49.03479       -122.1072    
    49.03491       -122.0890    
    49.03503       -122.0707    
    49.03514       -122.0524    
    49.03525       -122.0341    
    49.03536       -122.0158    
    49.03547       -121.9975    
    49.03557       -121.9792    
    49.03567       -121.9609    
    49.03576       -121.9427    
    49.03586       -121.9244    
    49.03595       -121.9061    
    49.03604       -121.8878    
    49.03613       -121.8695    
    49.03621       -121.8512    
    49.03629       -121.8329    
    49.03637       -121.8146    
    49.03644       -121.7964    
    49.03651       -121.7781    
    49.03658       -121.7598    
    49.03664       -121.7415    
    49.03671       -121.7232    
    49.03677       -121.7049    
    49.03682       -121.6866    
    49.03688       -121.6683    
    49.03693       -121.6501    
    49.03698       -121.6318    
    49.03703       -121.6135    
    49.03706       -121.5952    
    49.03711       -121.5769    
    49.03714       -121.5586    
    49.03718       -121.5403    
    49.03721       -121.5220    

    49.04496       -122.3452    
    49.04512       -122.3269    
    49.04527       -122.3086    
    49.04543       -122.2903    
    49.04557       -122.2720    
    49.04572       -122.2538    
    49.04586       -122.2355    
    49.04600       -122.2172    
    49.04614       -122.1989    
    49.04627       -122.1806    
    49.04641       -122.1623    
    49.04653       -122.1440    
    49.04666       -122.1257    
    49.04678       -122.1074    
    49.04690       -122.0891    
    49.04702       -122.0708    
    49.04713       -122.0526    
    49.04725       -122.0343    
    49.04735       -122.0160    
    49.04746       -121.9977    
    49.04756       -121.9794    
    49.04766       -121.9611    
    49.04776       -121.9428    
    49.04785       -121.9245    
    49.04794       -121.9062    
    49.04803       -121.8879    
    49.04812       -121.8696    
    49.04820       -121.8513    
    49.04828       -121.8330    
    49.04836       -121.8148    
    49.04843       -121.7965    
    49.04850       -121.7782    
    49.04857       -121.7599    
    49.04864       -121.7416    
    49.04870       -121.7233    
    49.04876       -121.7050    
    49.04882       -121.6867    
    49.04887       -121.6684    
    49.04892       -121.6501    
    49.04897       -121.6318    
    49.04902       -121.6136    
    49.04906       -121.5952    
    49.04910       -121.5770    
    49.04914       -121.5587    
    49.04918       -121.5404    
    49.04920       -121.5221    

    49.05695       -122.3455    
    49.05711       -122.3271    
    49.05726       -122.3089    
    49.05741       -122.2906    
    49.05756       -122.2723    
    49.05770       -122.2540    
    49.05785       -122.2357    
    49.05799       -122.2174    
    49.05812       -122.1991    
    49.05826       -122.1808    
    49.05839       -122.1625    
    49.05852       -122.1442    
    49.05864       -122.1259    
    49.05877       -122.1076    
    49.05888       -122.0893    
    49.05900       -122.0710    
    49.05912       -122.0527    
    49.05923       -122.0344    
    49.05934       -122.0161    
    49.05944       -121.9978    
    49.05955       -121.9796    
    49.05964       -121.9612    
    49.05974       -121.9430    
    49.05984       -121.9247    
    49.05993       -121.9064    
    49.06002       -121.8881    
    49.06010       -121.8698    
    49.06018       -121.8515    
    49.06027       -121.8332    
    49.06034       -121.8149    
    49.06042       -121.7966    
    49.06049       -121.7783    
    49.06056       -121.7600    
    49.06062       -121.7417    
    49.06069       -121.7234    
    49.06074       -121.7051    
    49.06080       -121.6868    
    49.06086       -121.6685    
    49.06091       -121.6502    
    49.06095       -121.6319    
    49.06100       -121.6136    
    49.06105       -121.5953    
    49.06108       -121.5770    
    49.06112       -121.5587    
    49.06116       -121.5404    
    49.06119       -121.5221    

    49.06894       -122.3457    
    49.06910       -122.3274    
    49.06925       -122.3091    
    49.06940       -122.2908    
    49.06955       -122.2725    
    49.06970       -122.2542    
    49.06984       -122.2359    
    49.06998       -122.2176    
    49.07012       -122.1993    
    49.07025       -122.1810    
    49.07038       -122.1627    
    49.07051       -122.1444    
    49.07064       -122.1261    
    49.07076       -122.1078    
    49.07088       -122.0895    
    49.07100       -122.0712    
    49.07111       -122.0529    
    49.07122       -122.0346    
    49.07133       -122.0163    
    49.07144       -121.9980    
    49.07154       -121.9797    
    49.07164       -121.9614    
    49.07174       -121.9431    
    49.07183       -121.9248    
    49.07192       -121.9065    
    49.07201       -121.8882    
    49.07210       -121.8699    
    49.07218       -121.8516    
    49.07226       -121.8333    
    49.07234       -121.8150    
    49.07241       -121.7967    
    49.07248       -121.7784    
    49.07255       -121.7601    
    49.07262       -121.7418    
    49.07268       -121.7235    
    49.07274       -121.7052    
    49.07280       -121.6869    
    49.07285       -121.6686    
    49.07290       -121.6503    
    49.07295       -121.6320    
    49.07300       -121.6137    
    49.07304       -121.5954    
    49.07308       -121.5771    
    49.07312       -121.5588    
    49.07315       -121.5405    
    49.07318       -121.5222    

    49.08093       -122.3459    
    49.08109       -122.3276    
    49.08124       -122.3093    
    49.08139       -122.2910    
    49.08154       -122.2727    
    49.08168       -122.2544    
    49.08183       -122.2361    
    49.08196       -122.2178    
    49.08210       -122.1995    
    49.08224       -122.1812    
    49.08237       -122.1629    
    49.08250       -122.1446    
    49.08262       -122.1263    
    49.08274       -122.1080    
    49.08287       -122.0897    
    49.08298       -122.0714    
    49.08310       -122.0531    
    49.08321       -122.0348    
    49.08332       -122.0164    
    49.08342       -121.9982    
    49.08353       -121.9799    
    49.08363       -121.9615    
    49.08372       -121.9432    
    49.08382       -121.9249    
    49.08391       -121.9066    
    49.08400       -121.8883    
    49.08408       -121.8700    
    49.08417       -121.8517    
    49.08425       -121.8334    
    49.08432       -121.8151    
    49.08440       -121.7968    
    49.08447       -121.7785    
    49.08454       -121.7602    
    49.08461       -121.7419    
    49.08467       -121.7236    
    49.08473       -121.7053    
    49.08479       -121.6870    
    49.08484       -121.6687    
    49.08489       -121.6504    
    49.08494       -121.6320    
    49.08498       -121.6137    
    49.08503       -121.5954    
    49.08507       -121.5771    
    49.08511       -121.5588    
    49.08514       -121.5405    
    49.08517       -121.5222    

    49.09292       -122.3462    
    49.09308       -122.3279    
    49.09324       -122.3096    
    49.09339       -122.2913    
    49.09354       -122.2729    
    49.09368       -122.2546    
    49.09382       -122.2363    
    49.09396       -122.2180    
    49.09410       -122.1997    
    49.09423       -122.1814    
    49.09437       -122.1631    
    49.09449       -122.1448    
    49.09462       -122.1265    
    49.09475       -122.1082    
    49.09486       -122.0899    
    49.09498       -122.0716    
    49.09509       -122.0533    
    49.09520       -122.0349    
    49.09532       -122.0166    
    49.09542       -121.9983    
    49.09552       -121.9800    
    49.09563       -121.9617    
    49.09572       -121.9434    
    49.09582       -121.9251    
    49.09591       -121.9068    
    49.09599       -121.8885    
    49.09608       -121.8701    
    49.09616       -121.8518    
    49.09624       -121.8335    
    49.09632       -121.8152    
    49.09640       -121.7969    
    49.09647       -121.7786    
    49.09654       -121.7603    
    49.09660       -121.7420    
    49.09666       -121.7237    
    49.09672       -121.7054    
    49.09678       -121.6870    
    49.09684       -121.6687    
    49.09689       -121.6504    
    49.09693       -121.6321    
    49.09698       -121.6138    
    49.09702       -121.5955    
    49.09706       -121.5772    
    49.09710       -121.5589    
    49.09714       -121.5406    
    49.09716       -121.5222    

    49.10491       -122.3464    
    49.10506       -122.3281    
    49.10522       -122.3098    
    49.10537       -122.2915    
    49.10551       -122.2732    
    49.10566       -122.2549    
    49.10581       -122.2365    
    49.10595       -122.2182    
    49.10608       -122.1999    
    49.10622       -122.1816    
    49.10635       -122.1633    
    49.10648       -122.1450    
    49.10661       -122.1267    
    49.10673       -122.1084    
    49.10685       -122.0900    
    49.10696       -122.0717    
    49.10708       -122.0534    
    49.10719       -122.0351    
    49.10730       -122.0168    
    49.10741       -121.9985    
    49.10751       -121.9802    
    49.10760       -121.9619    
    49.10770       -121.9435    
    49.10780       -121.9252    
    49.10789       -121.9069    
    49.10798       -121.8886    
    49.10807       -121.8703    
    49.10815       -121.8520    
    49.10823       -121.8336    
    49.10830       -121.8153    
    49.10838       -121.7970    
    49.10845       -121.7787    
    49.10852       -121.7604    
    49.10859       -121.7421    
    49.10865       -121.7238    
    49.10871       -121.7054    
    49.10877       -121.6871    
    49.10882       -121.6688    
    49.10887       -121.6505    
    49.10892       -121.6322    
    49.10896       -121.6139    
    49.10901       -121.5956    
    49.10905       -121.5772    
    49.10909       -121.5589    
    49.10912       -121.5406    
    49.10915       -121.5223    

    49.11690       -122.3466    
    49.11706       -122.3283    
    49.11721       -122.3100    
    49.11736       -122.2917    
    49.11751       -122.2734    
    49.11766       -122.2551    
    49.11780       -122.2368    
    49.11794       -122.2184    
    49.11808       -122.2001    
    49.11821       -122.1818    
    49.11835       -122.1635    
    49.11848       -122.1452    
    49.11860       -122.1269    
    49.11872       -122.1086    
    49.11884       -122.0902    
    49.11896       -122.0719    
    49.11908       -122.0536    
    49.11919       -122.0353    
    49.11929       -122.0170    
    49.11940       -121.9986    
    49.11950       -121.9803    
    49.11960       -121.9620    
    49.11971       -121.9437    
    49.11980       -121.9254    
    49.11989       -121.9070    
    49.11998       -121.8887    
    49.12006       -121.8704    
    49.12014       -121.8521    
    49.12022       -121.8338    
    49.12030       -121.8155    
    49.12038       -121.7971    
    49.12045       -121.7788    
    49.12051       -121.7605    
    49.12058       -121.7422    
    49.12064       -121.7238    
    49.12070       -121.7055    
    49.12076       -121.6872    
    49.12082       -121.6689    
    49.12087       -121.6506    
    49.12091       -121.6323    
    49.12096       -121.6140    
    49.12101       -121.5956    
    49.12104       -121.5773    
    49.12108       -121.5590    
    49.12112       -121.5407    
    49.12115       -121.5223    

    49.12889       -122.3469    
    49.12904       -122.3286    
    49.12920       -122.3103    
    49.12935       -122.2919    
    49.12950       -122.2736    
    49.12965       -122.2553    
    49.12979       -122.2370    
    49.12993       -122.2187    
    49.13007       -122.2003    
    49.13020       -122.1820    
    49.13033       -122.1637    
    49.13046       -122.1454    
    49.13058       -122.1270    
    49.13071       -122.1087    
    49.13083       -122.0904    
    49.13094       -122.0721    
    49.13106       -122.0538    
    49.13117       -122.0354    
    49.13128       -122.0171    
    49.13139       -121.9988    
    49.13149       -121.9805    
    49.13159       -121.9622    
    49.13168       -121.9438    
    49.13178       -121.9255    
    49.13187       -121.9072    
    49.13196       -121.8889    
    49.13205       -121.8705    
    49.13213       -121.8522    
    49.13221       -121.8339    
    49.13229       -121.8156    
    49.13236       -121.7972    
    49.13243       -121.7789    
    49.13250       -121.7606    
    49.13256       -121.7423    
    49.13263       -121.7240    
    49.13269       -121.7056    
    49.13275       -121.6873    
    49.13280       -121.6690    
    49.13285       -121.6507    
    49.13290       -121.6323    
    49.13295       -121.6140    
    49.13299       -121.5957    
    49.13303       -121.5774    
    49.13306       -121.5591    
    49.13310       -121.5407    
    49.13313       -121.5224    

    49.14088       -122.3471    
    49.14104       -122.3288    
    49.14119       -122.3105    
    49.14134       -122.2922    
    49.14149       -122.2738    
    49.14164       -122.2555    
    49.14178       -122.2372    
    49.14192       -122.2189    
    49.14206       -122.2005    
    49.14219       -122.1822    
    49.14232       -122.1639    
    49.14245       -122.1456    
    49.14258       -122.1272    
    49.14270       -122.1089    
    49.14282       -122.0906    
    49.14294       -122.0723    
    49.14305       -122.0539    
    49.14317       -122.0356    
    49.14327       -122.0173    
    49.14338       -121.9990    
    49.14348       -121.9806    
    49.14358       -121.9623    
    49.14368       -121.9440    
    49.14377       -121.9257    
    49.14386       -121.9073    
    49.14396       -121.8890    
    49.14404       -121.8707    
    49.14412       -121.8523    
    49.14420       -121.8340    
    49.14428       -121.8157    
    49.14435       -121.7974    
    49.14442       -121.7790    
    49.14449       -121.7607    
    49.14456       -121.7424    
    49.14462       -121.7241    
    49.14468       -121.7057    
    49.14474       -121.6874    
    49.14479       -121.6691    
    49.14485       -121.6507    
    49.14489       -121.6324    
    49.14494       -121.6141    
    49.14499       -121.5958    
    49.14502       -121.5774    
    49.14506       -121.5591    
    49.14510       -121.5408    
    49.14513       -121.5224    

    49.15286       -122.3474    
    49.15302       -122.3290    
    49.15318       -122.3107    
    49.15332       -122.2924    
    49.15348       -122.2741    
    49.15363       -122.2557    
    49.15376       -122.2374    
    49.15390       -122.2191    
    49.15404       -122.2007    
    49.15418       -122.1824    
    49.15431       -122.1641    
    49.15444       -122.1458    
    49.15456       -122.1274    
    49.15469       -122.1091    
    49.15481       -122.0908    
    49.15493       -122.0724    
    49.15504       -122.0541    
    49.15515       -122.0358    
    49.15526       -122.0175    
    49.15536       -121.9991    
    49.15547       -121.9808    
    49.15557       -121.9625    
    49.15567       -121.9441    
    49.15576       -121.9258    
    49.15585       -121.9075    
    49.15594       -121.8891    
    49.15603       -121.8708    
    49.15611       -121.8525    
    49.15619       -121.8341    
    49.15627       -121.8158    
    49.15634       -121.7975    
    49.15641       -121.7791    
    49.15648       -121.7608    
    49.15655       -121.7425    
    49.15661       -121.7242    
    49.15667       -121.7058    
    49.15673       -121.6875    
    49.15678       -121.6692    
    49.15683       -121.6508    
    49.15688       -121.6325    
    49.15693       -121.6142    
    49.15697       -121.5958    
    49.15701       -121.5775    
    49.15705       -121.5591    
    49.15709       -121.5408    
    49.15711       -121.5225    

    49.16486       -122.3476    
    49.16502       -122.3293    
    49.16517       -122.3110    
    49.16532       -122.2926    
    49.16547       -122.2743    
    49.16562       -122.2560    
    49.16576       -122.2376    
    49.16590       -122.2193    
    49.16603       -122.2010    
    49.16617       -122.1826    
    49.16631       -122.1643    
    49.16643       -122.1460    
    49.16656       -122.1276    
    49.16668       -122.1093    
    49.16680       -122.0909    
    49.16692       -122.0726    
    49.16703       -122.0543    
    49.16714       -122.0359    
    49.16726       -122.0176    
    49.16736       -121.9993    
    49.16747       -121.9809    
    49.16756       -121.9626    
    49.16766       -121.9443    
    49.16776       -121.9259    
    49.16785       -121.9076    
    49.16793       -121.8893    
    49.16802       -121.8709    
    49.16810       -121.8526    
    49.16818       -121.8343    
    49.16826       -121.8159    
    49.16833       -121.7976    
    49.16841       -121.7792    
    49.16847       -121.7609    
    49.16854       -121.7426    
    49.16861       -121.7242    
    49.16866       -121.7059    
    49.16872       -121.6876    
    49.16878       -121.6692    
    49.16883       -121.6509    
    49.16888       -121.6326    
    49.16892       -121.6142    
    49.16896       -121.5959    
    49.16901       -121.5775    
    49.16904       -121.5592    
    49.16908       -121.5409    
    49.16911       -121.5225    

    49.17685       -122.3479    
    49.17700       -122.3295    
    49.17715       -122.3112    
    49.17731       -122.2928    
    49.17746       -122.2745    
    49.17760       -122.2562    
    49.17775       -122.2379    
    49.17789       -122.2195    
    49.17802       -122.2012    
    49.17816       -122.1828    
    49.17829       -122.1645    
    49.17842       -122.1461    
    49.17855       -122.1278    
    49.17867       -122.1095    
    49.17879       -122.0911    
    49.17891       -122.0728    
    49.17902       -122.0544    
    49.17913       -122.0361    
    49.17924       -122.0178    
    49.17935       -121.9994    
    49.17945       -121.9811    
    49.17955       -121.9628    
    49.17965       -121.9444    
    49.17974       -121.9261    
    49.17983       -121.9077    
    49.17992       -121.8894    
    49.18001       -121.8711    
    49.18009       -121.8527    
    49.18017       -121.8344    
    49.18025       -121.8160    
    49.18032       -121.7977    
    49.18039       -121.7794    
    49.18046       -121.7610    
    49.18053       -121.7427    
    49.18060       -121.7243    
    49.18065       -121.7060    
    49.18071       -121.6877    
    49.18076       -121.6693    
    49.18082       -121.6510    
    49.18087       -121.6326    
    49.18091       -121.6143    
    49.18095       -121.5959    
    49.18099       -121.5776    
    49.18103       -121.5593    
    49.18106       -121.5409    
    49.18109       -121.5226    

    49.18884       -122.3481    
    49.18900       -122.3298    
    49.18915       -122.3114    
    49.18930       -122.2931    
    49.18945       -122.2747    
    49.18960       -122.2564    
    49.18974       -122.2381    
    49.18988       -122.2197    
    49.19001       -122.2014    
    49.19015       -122.1830    
    49.19028       -122.1647    
    49.19041       -122.1463    
    49.19054       -122.1280    
    49.19066       -122.1096    
    49.19078       -122.0913    
    49.19090       -122.0730    
    49.19101       -122.0546    
    49.19113       -122.0363    
    49.19123       -122.0179    
    49.19134       -121.9996    
    49.19144       -121.9813    
    49.19154       -121.9629    
    49.19164       -121.9445    
    49.19173       -121.9262    
    49.19183       -121.9079    
    49.19191       -121.8895    
    49.19200       -121.8712    
    49.19209       -121.8528    
    49.19217       -121.8345    
    49.19224       -121.8162    
    49.19232       -121.7978    
    49.19239       -121.7794    
    49.19246       -121.7611    
    49.19252       -121.7428    
    49.19259       -121.7244    
    49.19265       -121.7061    
    49.19270       -121.6877    
    49.19276       -121.6694    
    49.19281       -121.6510    
    49.19286       -121.6327    
    49.19290       -121.6143    
    49.19294       -121.5960    
    49.19299       -121.5777    
    49.19302       -121.5593    
    49.19306       -121.5410    
    49.19308       -121.5226    

    49.20082       -122.3484    
    49.20098       -122.3300    
    49.20113       -122.3117    
    49.20129       -122.2933    
    49.20144       -122.2750    
    49.20158       -122.2566    
    49.20173       -122.2383    
    49.20187       -122.2199    
    49.20200       -122.2016    
    49.20214       -122.1832    
    49.20227       -122.1649    
    49.20240       -122.1465    
    49.20253       -122.1282    
    49.20265       -122.1098    
    49.20277       -122.0915    
    49.20288       -122.0732    
    49.20300       -122.0548    
    49.20311       -122.0364    
    49.20322       -122.0181    
    49.20333       -121.9998    
    49.20343       -121.9814    
    49.20353       -121.9630    
    49.20363       -121.9447    
    49.20372       -121.9264    
    49.20382       -121.9080    
    49.20390       -121.8896    
    49.20399       -121.8713    
    49.20407       -121.8530    
    49.20415       -121.8346    
    49.20423       -121.8163    
    49.20431       -121.7979    
    49.20438       -121.7796    
    49.20445       -121.7612    
    49.20451       -121.7429    
    49.20457       -121.7245    
    49.20463       -121.7062    
    49.20469       -121.6878    
    49.20475       -121.6695    
    49.20479       -121.6511    
    49.20485       -121.6328    
    49.20489       -121.6144    
    49.20493       -121.5961    
    49.20498       -121.5777    
    49.20501       -121.5594    
    49.20505       -121.5410    
    49.20507       -121.5227    

    49.21282       -122.3486    
    49.21297       -122.3303    
    49.21313       -122.3119    
    49.21328       -122.2935    
    49.21343       -122.2752    
    49.21358       -122.2568    
    49.21372       -122.2385    
    49.21386       -122.2202    
    49.21400       -122.2018    
    49.21413       -122.1834    
    49.21426       -122.1651    
    49.21439       -122.1467    
    49.21452       -122.1284    
    49.21464       -122.1100    
    49.21476       -122.0917    
    49.21488       -122.0733    
    49.21499       -122.0550    
    49.21510       -122.0366    
    49.21521       -122.0183    
    49.21532       -121.9999    
    49.21542       -121.9816    
    49.21552       -121.9632    
    49.21562       -121.9449    
    49.21571       -121.9265    
    49.21581       -121.9081    
    49.21590       -121.8898    
    49.21598       -121.8714    
    49.21606       -121.8531    
    49.21614       -121.8347    
    49.21622       -121.8164    
    49.21630       -121.7980    
    49.21637       -121.7797    
    49.21644       -121.7613    
    49.21651       -121.7430    
    49.21657       -121.7246    
    49.21663       -121.7063    
    49.21668       -121.6879    
    49.21674       -121.6696    
    49.21679       -121.6512    
    49.21684       -121.6328    
    49.21688       -121.6145    
    49.21693       -121.5961    
    49.21697       -121.5778    
    49.21700       -121.5594    
    49.21704       -121.5411    
    49.21707       -121.5227    

    49.22480       -122.3488    
    49.22496       -122.3305    
    49.22512       -122.3121    
    49.22527       -122.2938    
    49.22541       -122.2754    
    49.22556       -122.2571    
    49.22570       -122.2387    
    49.22585       -122.2204    
    49.22599       -122.2020    
    49.22612       -122.1837    
    49.22625       -122.1653    
    49.22638       -122.1469    
    49.22651       -122.1286    
    49.22662       -122.1102    
    49.22675       -122.0919    
    49.22687       -122.0735    
    49.22698       -122.0551    
    49.22709       -122.0368    
    49.22720       -122.0184    
    49.22731       -122.0001    
    49.22741       -121.9817    
    49.22751       -121.9633    
    49.22761       -121.9450    
    49.22770       -121.9266    
    49.22779       -121.9083    
    49.22788       -121.8899    
    49.22797       -121.8716    
    49.22805       -121.8532    
    49.22813       -121.8349    
    49.22821       -121.8165    
    49.22828       -121.7981    
    49.22836       -121.7798    
    49.22842       -121.7614    
    49.22849       -121.7431    
    49.22855       -121.7247    
    49.22861       -121.7064    
    49.22867       -121.6880    
    49.22873       -121.6696    
    49.22878       -121.6513    
    49.22882       -121.6329    
    49.22887       -121.6146    
    49.22891       -121.5962    
    49.22895       -121.5779    
    49.22899       -121.5595    
    49.22903       -121.5411    
    49.22905       -121.5228    

    49.23680       -122.3491    
    49.23695       -122.3307    
    49.23711       -122.3124    
    49.23726       -122.2940    
    49.23741       -122.2756    
    49.23755       -122.2573    
    49.23770       -122.2389    
    49.23784       -122.2206    
    49.23798       -122.2022    
    49.23811       -122.1838    
    49.23824       -122.1655    
    49.23837       -122.1471    
    49.23850       -122.1288    
    49.23862       -122.1104    
    49.23874       -122.0920    
    49.23886       -122.0737    
    49.23897       -122.0553    
    49.23909       -122.0370    
    49.23919       -122.0186    
    49.23930       -122.0002    
    49.23940       -121.9819    
    49.23950       -121.9635    
    49.23960       -121.9452    
    49.23970       -121.9268    
    49.23978       -121.9084    
    49.23988       -121.8901    
    49.23996       -121.8717    
    49.24005       -121.8533    
    49.24012       -121.8350    
    49.24020       -121.8166    
    49.24028       -121.7982    
    49.24035       -121.7799    
    49.24042       -121.7615    
    49.24049       -121.7432    
    49.24054       -121.7248    
    49.24061       -121.7065    
    49.24067       -121.6881    
    49.24072       -121.6697    
    49.24077       -121.6514    
    49.24082       -121.6330    
    49.24086       -121.6146    
    49.24091       -121.5963    
    49.24095       -121.5779    
    49.24098       -121.5595    
    49.24102       -121.5412    
    49.24105       -121.5228    

    49.24878       -122.3493    
    49.24894       -122.3310    
    49.24909       -122.3126    
    49.24924       -122.2943    
    49.24939       -122.2759    
    49.24954       -122.2575    
    49.24968       -122.2391    
    49.24982       -122.2208    
    49.24996       -122.2024    
    49.25010       -122.1841    
    49.25023       -122.1657    
    49.25035       -122.1473    
    49.25048       -122.1290    
    49.25061       -122.1106    
    49.25073       -122.0922    
    49.25084       -122.0739    
    49.25096       -122.0555    
    49.25107       -122.0371    
    49.25118       -122.0188    
    49.25129       -122.0004    
    49.25139       -121.9820    
    49.25149       -121.9637    
    49.25159       -121.9453    
    49.25168       -121.9269    
    49.25177       -121.9086    
    49.25187       -121.8902    
    49.25195       -121.8718    
    49.25203       -121.8535    
    49.25211       -121.8351    
    49.25219       -121.8167    
    49.25226       -121.7984    
    49.25233       -121.7800    
    49.25240       -121.7616    
    49.25247       -121.7433    
    49.25253       -121.7249    
    49.25259       -121.7065    
    49.25265       -121.6882    
    49.25270       -121.6698    
    49.25276       -121.6514    
    49.25280       -121.6331    
    49.25285       -121.6147    
    49.25290       -121.5963    
    49.25294       -121.5780    
    49.25297       -121.5596    
    49.25301       -121.5412    
    49.25304       -121.5229    

    49.26077       -122.3496    
    49.26093       -122.3312    
    49.26109       -122.3128    
    49.26123       -122.2945    
    49.26138       -122.2761    
    49.26153       -122.2577    
    49.26168       -122.2393    
    49.26182       -122.2210    
    49.26196       -122.2026    
    49.26209       -122.1843    
    49.26223       -122.1659    
    49.26235       -122.1475    
    49.26248       -122.1292    
    49.26260       -122.1108    
    49.26272       -122.0924    
    49.26284       -122.0740    
    49.26295       -122.0557    
    49.26307       -122.0373    
    49.26317       -122.0189    
    49.26328       -122.0005    
    49.26338       -121.9822    
    49.26348       -121.9638    
    49.26358       -121.9454    
    49.26368       -121.9271    
    49.26377       -121.9087    
    49.26386       -121.8903    
    49.26394       -121.8719    
    49.26403       -121.8536    
    49.26410       -121.8352    
    49.26418       -121.8168    
    49.26426       -121.7985    
    49.26433       -121.7801    
    49.26440       -121.7617    
    49.26447       -121.7434    
    49.26453       -121.7250    
    49.26459       -121.7066    
    49.26464       -121.6883    
    49.26470       -121.6699    
    49.26475       -121.6515    
    49.26480       -121.6331    
    49.26485       -121.6148    
    49.26489       -121.5964    
    49.26493       -121.5780    
    49.26497       -121.5597    
    49.26500       -121.5413    
    49.26503       -121.5229    

    49.27276       -122.3498    
    49.27291       -122.3315    
    49.27307       -122.3131    
    49.27322       -122.2947    
    49.27337       -122.2763    
    49.27352       -122.2580    
    49.27366       -122.2396    
    49.27380       -122.2212    
    49.27394       -122.2028    
    49.27407       -122.1844    
    49.27420       -122.1661    
    49.27433       -122.1477    
    49.27446       -122.1293    
    49.27459       -122.1110    
    49.27470       -122.0926    
    49.27483       -122.0742    
    49.27494       -122.0558    
    49.27505       -122.0375    
    49.27515       -122.0191    
    49.27526       -122.0007    
    49.27536       -121.9823    
    49.27547       -121.9640    
    49.27556       -121.9456    
    49.27566       -121.9272    
    49.27575       -121.9088    
    49.27584       -121.8905    
    49.27593       -121.8721    
    49.27601       -121.8537    
    49.27609       -121.8353    
    49.27617       -121.8170    
    49.27624       -121.7986    
    49.27631       -121.7802    
    49.27638       -121.7618    
    49.27645       -121.7435    
    49.27651       -121.7251    
    49.27657       -121.7067    
    49.27663       -121.6883    
    49.27668       -121.6700    
    49.27674       -121.6516    
    49.27678       -121.6332    
    49.27683       -121.6148    
    49.27687       -121.5965    
    49.27691       -121.5781    
    49.27695       -121.5597    
    49.27699       -121.5413    
    49.27701       -121.5229    

    49.28476       -122.3501    
    49.28491       -122.3317    
    49.28506       -122.3133    
    49.28522       -122.2949    
    49.28537       -122.2766    
    49.28551       -122.2582    
    49.28566       -122.2398    
    49.28580       -122.2214    
    49.28593       -122.2030    
    49.28607       -122.1847    
    49.28620       -122.1663    
    49.28633       -122.1479    
    49.28645       -122.1295    
    49.28658       -122.1111    
    49.28670       -122.0928    
    49.28682       -122.0744    
    49.28693       -122.0560    
    49.28704       -122.0376    
    49.28716       -122.0193    
    49.28726       -122.0009    
    49.28736       -121.9825    
    49.28746       -121.9641    
    49.28756       -121.9457    
    49.28766       -121.9274    
    49.28775       -121.9090    
    49.28783       -121.8906    
    49.28792       -121.8722    
    49.28801       -121.8539    
    49.28808       -121.8354    
    49.28816       -121.8171    
    49.28824       -121.7987    
    49.28831       -121.7803    
    49.28838       -121.7619    
    49.28844       -121.7436    
    49.28851       -121.7252    
    49.28857       -121.7068    
    49.28862       -121.6884    
    49.28868       -121.6700    
    49.28873       -121.6517    
    49.28878       -121.6333    
    49.28883       -121.6149    
    49.28887       -121.5965    
    49.28891       -121.5781    
    49.28894       -121.5598    
    49.28898       -121.5414    
    49.28901       -121.5230    

    49.29673       -122.3503    
    49.29689       -122.3319    
    49.29705       -122.3135    
    49.29720       -122.2952    
    49.29735       -122.2768    
    49.29750       -122.2584    
    49.29764       -122.2400    
    49.29778       -122.2216    
    49.29792       -122.2032    
    49.29805       -122.1849    
    49.29818       -122.1665    
    49.29831       -122.1481    
    49.29844       -122.1297    
    49.29856       -122.1113    
    49.29868       -122.0930    
    49.29880       -122.0746    
    49.29892       -122.0562    
    49.29903       -122.0378    
    49.29914       -122.0194    
    49.29924       -122.0010    
    49.29935       -121.9827    
    49.29945       -121.9643    
    49.29955       -121.9459    
    49.29964       -121.9275    
    49.29973       -121.9091    
    49.29982       -121.8907    
    49.29990       -121.8723    
    49.29999       -121.8540    
    49.30007       -121.8356    
    49.30014       -121.8172    
    49.30022       -121.7988    
    49.30029       -121.7804    
    49.30036       -121.7621    
    49.30043       -121.7437    
    49.30049       -121.7253    
    49.30055       -121.7069    
    49.30061       -121.6885    
    49.30066       -121.6701    
    49.30072       -121.6517    
    49.30077       -121.6334    
    49.30081       -121.6150    
    49.30085       -121.5966    
    49.30089       -121.5782    
    49.30093       -121.5598    
    49.30096       -121.5414    
    49.30099       -121.5230    

    49.30873       -122.3506    
    49.30889       -122.3322    
    49.30904       -122.3138    
    49.30920       -122.2954    
    49.30935       -122.2770    
    49.30949       -122.2586    
    49.30964       -122.2402    
    49.30978       -122.2218    
    49.30991       -122.2035    
    49.31005       -122.1851    
    49.31018       -122.1667    
    49.31031       -122.1483    
    49.31043       -122.1299    
    49.31056       -122.1115    
    49.31068       -122.0931    
    49.31079       -122.0747    
    49.31091       -122.0564    
    49.31102       -122.0380    
    49.31113       -122.0196    
    49.31124       -122.0012    
    49.31134       -121.9828    
    49.31144       -121.9644    
    49.31154       -121.9460    
    49.31163       -121.9276    
    49.31173       -121.9092    
    49.31182       -121.8909    
    49.31190       -121.8725    
    49.31199       -121.8541    
    49.31207       -121.8357    
    49.31214       -121.8173    
    49.31221       -121.7989    
    49.31229       -121.7805    
    49.31236       -121.7621    
    49.31242       -121.7437    
    49.31249       -121.7254    
    49.31255       -121.7070    
    49.31260       -121.6886    
    49.31266       -121.6702    
    49.31271       -121.6518    
    49.31276       -121.6334    
    49.31280       -121.6151    
    49.31285       -121.5966    
    49.31289       -121.5782    
    49.31293       -121.5599    
    49.31296       -121.5415    
    49.31299       -121.5231    

    49.32071       -122.3508    
    49.32087       -122.3324    
    49.32102       -122.3140    
    49.32118       -122.2956    
    49.32133       -122.2772    
    49.32147       -122.2589    
    49.32162       -122.2404    
    49.32176       -122.2220    
    49.32190       -122.2037    
    49.32203       -122.1853    
    49.32216       -122.1669    
    49.32229       -122.1485    
    49.32242       -122.1301    
    49.32254       -122.1117    
    49.32266       -122.0933    
    49.32278       -122.0749    
    49.32290       -122.0565    
    49.32301       -122.0381    
    49.32312       -122.0197    
    49.32322       -122.0013    
    49.32333       -121.9830    
    49.32342       -121.9646    
    49.32352       -121.9462    
    49.32362       -121.9278    
    49.32371       -121.9094    
    49.32380       -121.8910    
    49.32388       -121.8726    
    49.32397       -121.8542    
    49.32405       -121.8358    
    49.32413       -121.8174    
    49.32420       -121.7990    
    49.32427       -121.7806    
    49.32434       -121.7622    
    49.32441       -121.7439    
    49.32447       -121.7255    
    49.32453       -121.7071    
    49.32459       -121.6887    
    49.32465       -121.6703    
    49.32470       -121.6519    
    49.32475       -121.6335    
    49.32479       -121.6151    
    49.32483       -121.5967    
    49.32487       -121.5783    
    49.32491       -121.5599    
    49.32494       -121.5415    
    49.32497       -121.5231    

    49.33271       -122.3510    
    49.33287       -122.3326    
    49.33302       -122.3142    
    49.33317       -122.2959    
    49.33332       -122.2775    
    49.33347       -122.2591    
    49.33361       -122.2407    
    49.33375       -122.2223    
    49.33389       -122.2039    
    49.33403       -122.1855    
    49.33416       -122.1671    
    49.33429       -122.1487    
    49.33441       -122.1303    
    49.33454       -122.1119    
    49.33466       -122.0935    
    49.33478       -122.0751    
    49.33489       -122.0567    
    49.33500       -122.0383    
    49.33511       -122.0199    
    49.33522       -122.0015    
    49.33532       -121.9831    
    49.33542       -121.9647    
    49.33552       -121.9463    
    49.33562       -121.9279    
    49.33570       -121.9095    
    49.33579       -121.8911    
    49.33588       -121.8727    
    49.33596       -121.8543    
    49.33604       -121.8359    
    49.33612       -121.8175    
    49.33620       -121.7992    
    49.33627       -121.7808    
    49.33634       -121.7624    
    49.33640       -121.7440    
    49.33647       -121.7256    
    49.33652       -121.7072    
    49.33658       -121.6888    
    49.33664       -121.6704    
    49.33669       -121.6520    
    49.33674       -121.6336    
    49.33678       -121.6152    
    49.33683       -121.5968    
    49.33687       -121.5784    
    49.33691       -121.5600    
    49.33694       -121.5416    
    49.33697       -121.5232    

    49.34469       -122.3513    
    49.34485       -122.3329    
    49.34501       -122.3145    
    49.34516       -122.2961    
    49.34530       -122.2777    
    49.34545       -122.2593    
    49.34560       -122.2409    
    49.34574       -122.2225    
    49.34587       -122.2041    
    49.34601       -122.1857    
    49.34614       -122.1673    
    49.34627       -122.1489    
    49.34640       -122.1305    
    49.34652       -122.1121    
    49.34664       -122.0937    
    49.34676       -122.0753    
    49.34687       -122.0569    
    49.34698       -122.0385    
    49.34710       -122.0201    
    49.34720       -122.0017    
    49.34731       -121.9833    
    49.34740       -121.9649    
    49.34750       -121.9465    
    49.34760       -121.9281    
    49.34769       -121.9097    
    49.34778       -121.8913    
    49.34786       -121.8729    
    49.34795       -121.8545    
    49.34803       -121.8361    
    49.34811       -121.8177    
    49.34818       -121.7993    
    49.34825       -121.7809    
    49.34832       -121.7625    
    49.34838       -121.7440    
    49.34845       -121.7256    
    49.34851       -121.7072    
    49.34857       -121.6888    
    49.34862       -121.6704    
    49.34867       -121.6520    
    49.34872       -121.6336    
    49.34877       -121.6152    
    49.34882       -121.5968    
    49.34885       -121.5784    
    49.34889       -121.5600    
    49.34892       -121.5416    
    49.34896       -121.5232    

    49.35668       -122.3515    
    49.35684       -122.3331    
    49.35699       -122.3147    
    49.35715       -122.2963    
    49.35730       -122.2779    
    49.35744       -122.2595    
    49.35759       -122.2411    
    49.35773       -122.2227    
    49.35786       -122.2043    
    49.35800       -122.1859    
    49.35814       -122.1675    
    49.35826       -122.1491    
    49.35839       -122.1307    
    49.35851       -122.1123    
    49.35863       -122.0939    
    49.35875       -122.0755    
    49.35887       -122.0571    
    49.35898       -122.0387    
    49.35909       -122.0202    
    49.35919       -122.0018    
    49.35929       -121.9834    
    49.35940       -121.9650    
    49.35949       -121.9466    
    49.35959       -121.9282    
    49.35968       -121.9098    
    49.35977       -121.8914    
    49.35986       -121.8730    
    49.35994       -121.8546    
    49.36002       -121.8362    
    49.36010       -121.8178    
    49.36018       -121.7994    
    49.36025       -121.7810    
    49.36031       -121.7626    
    49.36038       -121.7441    
    49.36044       -121.7257    
    49.36050       -121.7073    
    49.36056       -121.6889    
    49.36062       -121.6705    
    49.36067       -121.6521    
    49.36072       -121.6337    
    49.36076       -121.6153    
    49.36081       -121.5969    
    49.36084       -121.5785    
    49.36089       -121.5601    
    49.36092       -121.5417    
    49.36095       -121.5233    

    49.36867       -122.3518    
    49.36883       -122.3334    
    49.36898       -122.3150    
    49.36913       -122.2965    
    49.36929       -122.2781    
    49.36943       -122.2597    
    49.36957       -122.2413    
    49.36971       -122.2229    
    49.36985       -122.2045    
    49.36999       -122.1861    
    49.37012       -122.1677    
    49.37025       -122.1493    
    49.37038       -122.1309    
    49.37050       -122.1125    
    49.37062       -122.0941    
    49.37074       -122.0757    
    49.37085       -122.0572    
    49.37097       -122.0388    
    49.37107       -122.0204    
    49.37118       -122.0020    
    49.37129       -121.9836    
    49.37138       -121.9652    
    49.37148       -121.9468    
    49.37157       -121.9284    
    49.37167       -121.9099    
    49.37176       -121.8915    
    49.37185       -121.8731    
    49.37193       -121.8547    
    49.37201       -121.8363    
    49.37209       -121.8179    
    49.37216       -121.7995    
    49.37223       -121.7811    
    49.37230       -121.7627    
    49.37237       -121.7443    
    49.37243       -121.7258    
    49.37249       -121.7074    
    49.37255       -121.6890    
    49.37260       -121.6706    
    49.37265       -121.6522    
    49.37270       -121.6338    
    49.37275       -121.6154    
    49.37279       -121.5970    
    49.37283       -121.5786    
    49.37288       -121.5602    
    49.37290       -121.5417    
    49.37293       -121.5233    

