    26.81537    
    27.42671    
    30.23904    
    90.05175    
    277.2073    
    567.6136    
    782.5173    
    742.4746    
    577.7899    
    414.8697    
    237.4006    
    148.9756    
    153.8681    
    188.1706    
    276.8346    
    455.4102    
    583.6725    
    509.7515    
    385.4745    
    361.6828    
    464.8040    
    585.2291    
    600.4597    
    571.5681    
    591.2681    
    647.9736    
    655.4956    
    664.8707    
    683.8511    
    686.2136    
    736.8994    
    791.9153    
    831.1987    
    842.0172    
    793.3206    
    738.5438    
    769.8768    
    941.1346    
    1115.202    
    1239.200    
    1354.738    
    1374.911    
    1417.573    
    1484.152    
    1499.905    

    24.05200    
    24.12194    
    28.97236    
    61.70083    
    180.0215    
    431.3687    
    692.7697    
    719.0347    
    609.3286    
    490.5857    
    283.8257    
    183.1676    
    217.1595    
    211.3833    
    206.0002    
    248.1155    
    285.7328    
    283.4422    
    324.5154    
    449.2649    
    598.4479    
    722.5922    
    841.0034    
    946.1965    
    1032.888    
    1125.984    
    1127.791    
    1093.992    
    1075.139    
    1038.178    
    1040.523    
    1059.842    
    1144.894    
    1227.010    
    1140.226    
    972.7164    
    960.9777    
    1215.962    
    1454.568    
    1471.960    
    1420.457    
    1467.982    
    1601.979    
    1518.815    
    1367.418    

    22.79674    
    22.99901    
    30.68676    
    50.66978    
    127.8921    
    282.0788    
    476.8401    
    590.5461    
    613.1951    
    534.8052    
    297.0382    
    241.0086    
    363.2896    
    329.2524    
    254.3207    
    252.8069    
    270.5910    
    324.5627    
    482.3224    
    712.2690    
    795.9559    
    732.4146    
    856.7991    
    1146.010    
    1354.857    
    1495.403    
    1543.375    
    1475.883    
    1374.098    
    1361.712    
    1421.347    
    1432.481    
    1471.585    
    1496.119    
    1432.862    
    1308.980    
    1181.830    
    1295.462    
    1588.215    
    1642.525    
    1470.491    
    1510.160    
    1661.819    
    1474.774    
    1217.999    

    22.12929    
    22.04685    
    27.09765    
    43.94023    
    111.6883    
    199.4470    
    280.0949    
    383.4289    
    492.1783    
    461.5339    
    261.0919    
    273.9550    
    479.5167    
    460.1865    
    336.4116    
    378.2644    
    511.9966    
    593.1761    
    691.1541    
    911.3649    
    1001.331    
    841.6790    
    820.2191    
    1060.569    
    1300.912    
    1442.263    
    1531.067    
    1472.647    
    1310.514    
    1351.302    
    1459.183    
    1434.991    
    1480.856    
    1468.589    
    1405.234    
    1475.223    
    1434.019    
    1375.048    
    1533.989    
    1524.590    
    1354.388    
    1460.754    
    1506.737    
    1254.234    
    1120.462    

    21.87997    
    20.21847    
    20.42625    
    27.95193    
    81.43885    
    153.8756    
    184.7399    
    231.7263    
    319.2388    
    316.8734    
    208.9572    
    262.3236    
    488.9153    
    518.1874    
    371.0175    
    456.2521    
    765.6454    
    912.2232    
    885.5812    
    983.0186    
    1114.010    
    1048.208    
    920.2899    
    950.1610    
    1086.685    
    1174.607    
    1263.640    
    1274.423    
    1196.289    
    1284.772    
    1354.580    
    1302.644    
    1368.802    
    1355.562    
    1349.061    
    1553.040    
    1585.504    
    1524.826    
    1565.570    
    1372.611    
    1242.613    
    1386.740    
    1242.554    
    1043.735    
    1231.338    

    23.12484    
    18.92675    
    16.46380    
    16.54148    
    36.19565    
    74.31886    
    108.9662    
    161.3153    
    215.6863    
    212.5840    
    174.3070    
    215.9972    
    387.6410    
    462.3987    
    347.1783    
    441.2132    
    859.4196    
    1129.223    
    1094.621    
    1076.641    
    1173.958    
    1216.856    
    1144.568    
    1076.649    
    1071.760    
    1087.258    
    1147.409    
    1212.635    
    1258.209    
    1337.415    
    1340.239    
    1237.820    
    1183.004    
    1246.399    
    1499.651    
    1655.343    
    1507.559    
    1561.620    
    1702.108    
    1425.631    
    1178.220    
    1169.600    
    1102.637    
    1201.457    
    1509.130    

    29.83785    
    21.96168    
    16.66153    
    15.01986    
    15.71434    
    21.05348    
    42.42680    
    100.8064    
    173.9584    
    206.6854    
    194.7326    
    183.5309    
    255.5175    
    335.5518    
    312.4010    
    449.5215    
    875.5887    
    1197.919    
    1198.152    
    1117.104    
    1157.402    
    1258.095    
    1307.262    
    1296.053    
    1265.119    
    1261.614    
    1302.420    
    1356.288    
    1370.151    
    1337.636    
    1290.745    
    1147.692    
    1013.747    
    1185.140    
    1522.336    
    1552.937    
    1438.918    
    1658.264    
    1840.790    
    1578.242    
    1152.475    
    971.1984    
    1206.313    
    1561.968    
    1663.638    

    42.04671    
    33.11853    
    22.11463    
    16.12283    
    14.39445    
    13.24809    
    14.58405    
    32.33891    
    96.58957    
    179.3117    
    208.0012    
    203.9180    
    219.7948    
    243.3515    
    276.2995    
    431.9726    
    771.3659    
    1055.317    
    1086.132    
    1075.215    
    1148.654    
    1211.498    
    1247.755    
    1249.064    
    1256.660    
    1332.947    
    1434.008    
    1440.456    
    1356.272    
    1272.070    
    1165.254    
    986.8203    
    918.5331    
    1077.252    
    1239.148    
    1341.217    
    1562.695    
    1741.243    
    1619.333    
    1324.342    
    1036.137    
    1039.888    
    1424.149    
    1676.202    
    1523.783    

    52.77649    
    48.44216    
    33.95248    
    20.73294    
    14.64312    
    12.15424    
    9.970618    
    6.494648    
    22.08988    
    66.89825    
    118.8707    
    209.5627    
    289.6410    
    269.9623    
    254.0702    
    322.7541    
    500.3725    
    715.7903    
    838.0356    
    1008.372    
    1194.680    
    1194.874    
    1133.942    
    1092.068    
    1104.555    
    1282.116    
    1460.648    
    1438.934    
    1304.575    
    1154.434    
    980.0251    
    893.3348    
    979.6801    
    1103.424    
    1191.122    
    1386.266    
    1636.252    
    1529.927    
    1131.920    
    944.6274    
    1089.558    
    1379.892    
    1554.460    
    1485.316    
    1345.549    

    58.22589    
    58.97720    
    46.73339    
    29.02204    
    16.42169    
    11.15108    
    9.585411    
    8.530780    
    5.594133    
    4.290172    
    23.94701    
    132.1935    
    294.4114    
    348.5035    
    310.2363    
    277.6279    
    290.5221    
    386.0586    
    538.2534    
    781.1713    
    1096.609    
    1204.566    
    1093.864    
    989.4786    
    1028.279    
    1293.056    
    1477.659    
    1391.828    
    1175.030    
    929.5198    
    877.3904    
    1082.566    
    1264.891    
    1325.146    
    1367.106    
    1398.788    
    1371.405    
    1124.448    
    840.9755    
    980.9417    
    1415.171    
    1617.505    
    1443.607    
    1262.046    
    1403.068    

    61.10464    
    63.00117    
    53.01178    
    34.98818    
    19.46817    
    11.50682    
    8.088696    
    6.760130    
    6.172324    
    3.893131    
    1.079446    
    37.03026    
    159.0384    
    315.5482    
    402.6188    
    367.6017    
    266.2375    
    218.5168    
    257.4402    
    413.8171    
    756.2164    
    1067.575    
    1082.223    
    909.1106    
    933.5627    
    1264.504    
    1447.571    
    1261.754    
    925.4125    
    781.5217    
    1049.676    
    1401.064    
    1435.300    
    1359.969    
    1372.503    
    1241.271    
    968.7958    
    758.9644    
    791.6799    
    1224.382    
    1645.378    
    1525.311    
    1185.453    
    1225.083    
    1587.855    

    63.15462    
    62.84211    
    50.93388    
    37.35728    
    39.50961    
    41.21521    
    21.00053    
    4.574831    
    4.039985    
    4.079131    
    2.458735    
    1.958770    
    33.95541    
    163.4021    
    367.6359    
    470.3801    
    406.1264    
    280.8513    
    163.2765    
    157.8024    
    356.4556    
    732.7809    
    971.9406    
    853.0316    
    884.3057    
    1220.673    
    1337.585    
    1070.619    
    736.8659    
    799.4917    
    1221.480    
    1499.804    
    1396.434    
    1246.798    
    1269.865    
    1083.851    
    700.3715    
    618.0054    
    948.0706    
    1460.881    
    1685.450    
    1334.528    
    1040.453    
    1321.898    
    1604.267    

    64.11119    
    58.63406    
    43.10516    
    37.63794    
    68.30444    
    104.3557    
    97.00877    
    54.57458    
    15.92371    
    1.935221    
    2.332489    
    2.376743    
   0.7573013    
    45.55267    
    194.7402    
    396.1824    
    537.2150    
    511.1768    
    302.7531    
    113.5382    
    124.3188    
    396.4573    
    659.8247    
    694.3638    
    874.9661    
    1121.670    
    1060.467    
    781.1777    
    593.7920    
    716.7122    
    997.5568    
    1227.058    
    1223.366    
    1075.346    
    1016.185    
    823.9441    
    607.9224    
    803.7975    
    1245.525    
    1609.952    
    1602.059    
    1165.909    
    1041.788    
    1406.929    
    1448.531    

    69.71457    
    54.34848    
    35.29568    
    31.16341    
    62.91547    
    127.7527    
    189.7655    
    169.3899    
    83.24100    
    26.44579    
    7.212975    
    2.268837    
    1.958138    
    8.963275    
    49.73407    
    180.5428    
    425.2063    
    597.2076    
    462.9890    
    177.5410    
    67.69793    
    191.8947    
    331.0414    
    436.0540    
    646.6251    
    743.0428    
    603.2504    
    442.9460    
    404.5726    
    456.8691    
    545.5525    
    708.2586    
    795.8719    
    714.7589    
    617.8079    
    522.6851    
    609.0445    
    1019.202    
    1382.912    
    1529.035    
    1363.901    
    997.1542    
    1113.223    
    1442.549    
    1310.921    

    64.54228    
    44.62167    
    29.58008    
    21.84605    
    32.56511    
    89.02406    
    186.3505    
    232.5965    
    198.1932    
    128.0802    
    46.78625    
    4.314429    
    1.939384    
    2.240718    
    3.785910    
    37.65866    
    180.1931    
    389.4773    
    423.5273    
    237.6400    
    92.50777    
    95.93173    
    155.6866    
    232.0494    
    301.4989    
    304.1666    
    262.3822    
    254.3503    
    270.3280    
    279.3330    
    315.9039    
    385.7426    
    422.5721    
    410.6862    
    375.5457    
    360.2803    
    515.0660    
    876.4193    
    1172.088    
    1202.105    
    964.1031    
    786.3572    
    1074.469    
    1314.541    
    1180.332    

    34.19033    
    22.88998    
    19.49023    
    14.20154    
    11.79759    
    53.24648    
    147.3558    
    233.8475    
    283.5508    
    276.3071    
    177.0346    
    54.35006    
    3.786257    
    1.919999    
    1.914339    
    4.328341    
    36.08297    
    127.0507    
    215.1242    
    193.2285    
    103.8741    
    64.90020    
    125.2988    
    218.9263    
    218.8241    
    178.5707    
    216.8288    
    287.8404    
    322.6758    
    369.7762    
    491.0385    
    601.5363    
    610.6905    
    579.5756    
    527.9462    
    440.0994    
    410.3823    
    557.9692    
    763.3820    
    767.4326    
    619.0090    
    604.6289    
    818.7752    
    954.3293    
    938.3938    

    10.44346    
    5.760314    
    7.479809    
    6.450897    
    3.307788    
    42.95626    
    156.9355    
    267.0052    
    326.5247    
    383.2108    
    387.7584    
    245.7555    
    68.90903    
    2.942840    
    2.389313    
    4.010702    
    5.663126    
    17.17082    
    48.41845    
    68.61215    
    57.19457    
    56.93659    
    129.7618    
    248.9555    
    276.1093    
    241.8524    
    306.3036    
    430.4359    
    548.3076    
    704.5139    
    915.8263    
    1079.748    
    1113.720    
    1077.876    
    996.4854    
    838.0522    
    628.1219    
    502.3565    
    484.1821    
    509.7572    
    628.3830    
    758.0275    
    784.8578    
    744.1271    
    714.2792    

    5.541075    
    1.025719    
    2.243582    
    3.003793    
    1.564493    
    28.67585    
    131.3185    
    254.4270    
    320.1286    
    406.7593    
    553.3293    
    532.0629    
    261.3069    
    44.17352    
    1.930354    
    4.914515    
    6.446508    
    6.793685    
    7.730520    
    12.63803    
    22.53866    
    35.24830    
    67.97485    
    139.4599    
    203.6563    
    262.4718    
    368.0351    
    499.6123    
    704.4575    
    972.1375    
    1183.917    
    1295.249    
    1336.474    
    1373.814    
    1375.687    
    1258.775    
    996.6404    
    747.6268    
    636.0228    
    624.0300    
    767.4359    
    959.6024    
    1008.908    
    945.3926    
    872.8989    

    3.670063    
    2.876925    
    3.332694    
    2.950254    
    2.163246    
    9.029757    
    46.49180    
    125.1211    
    202.2508    
    311.7603    
    521.1271    
    633.9851    
    427.3299    
    119.9317    
    2.832449    
    3.490200    
    4.298743    
    4.394654    
    8.690452    
    14.61628    
    17.97976    
    17.41839    
    16.81382    
    29.64452    
    72.97118    
    177.8280    
    281.0419    
    347.4175    
    543.1131    
    841.0937    
    1081.714    
    1255.242    
    1321.776    
    1350.396    
    1388.811    
    1302.736    
    1127.763    
    1079.832    
    1112.405    
    967.2690    
    825.8724    
    893.8242    
    992.6176    
    1060.159    
    1168.793    

    15.18418    
    25.70617    
    26.51605    
    18.87200    
    9.347014    
    2.401068    
    1.134605    
    19.83668    
    56.02938    
    133.3996    
    281.2918    
    397.7723    
    324.8191    
    120.6723    
    8.548502    
    1.047556    
    11.71812    
    22.29061    
    15.10571    
    9.453676    
    12.54222    
    13.06320    
    11.63798    
    7.853210    
    13.05594    
    58.48581    
    101.9135    
    125.3408    
    257.5478    
    502.9170    
    787.9802    
    1093.972    
    1259.371    
    1264.857    
    1231.070    
    1150.045    
    1174.289    
    1355.278    
    1399.981    
    1201.204    
    1056.943    
    1069.768    
    1049.799    
    1015.438    
    1176.577    

    54.43977    
    77.46788    
    85.29875    
    73.25905    
    42.80796    
    11.55840    
    1.415071    
    1.756736    
    2.037417    
    19.85362    
    62.39117    
    100.8428    
    92.93477    
    43.01535    
    7.423815    
   0.4127780    
    34.74564    
    83.23852    
    59.55551    
    14.29404    
    7.906336    
    9.294351    
    8.962613    
    9.667783    
    10.35529    
    12.04466    
    14.80985    
    26.28181    
    96.22603    
    248.8265    
    464.3485    
    747.7252    
    1043.502    
    1221.707    
    1231.840    
    1167.186    
    1252.554    
    1446.141    
    1443.694    
    1391.734    
    1511.754    
    1567.481    
    1418.561    
    1158.009    
    1109.714    

    122.1081    
    126.4129    
    135.9336    
    129.9014    
    90.16702    
    32.24112    
    9.468181    
    17.50303    
    11.52897    
   0.9431762    
    0.000000    
    0.000000    
   0.2054880    
   0.8270175    
    1.314283    
   0.6927536    
    35.59199    
    96.05080    
    81.27231    
    22.73396    
    6.079608    
    8.285975    
    8.259376    
    9.269865    
    10.90754    
    10.81429    
    10.09557    
    11.10288    
    29.90135    
    90.68233    
    203.5633    
    399.5553    
    726.1947    
    1092.489    
    1319.215    
    1328.926    
    1359.007    
    1545.948    
    1642.614    
    1711.110    
    1810.728    
    1791.540    
    1667.812    
    1370.798    
    1143.156    

    174.6843    
    155.8959    
    161.7170    
    157.7532    
    118.0116    
    48.54420    
    42.80345    
    115.0005    
    121.5378    
    53.36155    
    22.18138    
    20.35566    
    8.200667    
   0.7323939    
    1.792243    
    1.334357    
    11.58593    
    34.93468    
    34.77870    
    14.34708    
    7.328794    
    8.702586    
    8.847457    
    9.300402    
    9.554575    
    9.364315    
    9.599153    
    10.03962    
    10.87363    
    19.31438    
    64.68655    
    183.0960    
    408.3536    
    765.6688    
    1178.802    
    1426.008    
    1541.555    
    1663.827    
    1700.313    
    1710.787    
    1634.911    
    1529.508    
    1613.735    
    1517.356    
    1266.260    

    191.7041    
    202.7831    
    232.5883    
    215.6426    
    138.4679    
    55.26494    
    109.4785    
    320.7954    
    396.9162    
    235.8636    
    119.0875    
    128.6424    
    120.6629    
    87.53802    
    52.29315    
    14.97449    
   6.9019221E-02
    0.000000    
   0.6752315    
    2.676390    
    5.506974    
    7.495803    
    8.266006    
    8.594121    
    8.409487    
    8.235430    
    8.447654    
    8.855673    
    9.264239    
    8.460807    
    18.37956    
    61.25191    
    152.5549    
    370.2243    
    799.9108    
    1278.618    
    1530.123    
    1476.158    
    1294.337    
    1285.763    
    1265.540    
    1169.602    
    1391.212    
    1529.321    
    1423.283    

    241.6081    
    280.6139    
    324.4443    
    280.2192    
    147.7033    
    59.79393    
    149.5059    
    441.4899    
    623.3443    
    465.9769    
    280.5661    
    351.1117    
    480.7201    
    424.4946    
    244.4148    
    101.8000    
    30.19726    
    6.503966    
    7.478259    
    6.344766    
    2.801522    
    4.139130    
    6.679662    
    7.665610    
    7.807698    
    8.320672    
    8.879541    
    9.110851    
    9.074535    
    9.573160    
    12.18541    
    23.32984    
    43.10135    
    113.4069    
    370.0065    
    820.0989    
    1182.482    
    1190.509    
    971.7583    
    958.5233    
    1024.431    
    1006.108    
    1273.784    
    1510.218    
    1517.675    

    299.2687    
    337.0522    
    336.8496    
    297.2262    
    184.3839    
    85.37679    
    121.6483    
    367.3401    
    653.4435    
    640.3613    
    423.3491    
    499.2859    
    813.4364    
    810.2173    
    538.7473    
    345.4735    
    188.0195    
    69.61813    
    69.35754    
    112.1028    
    96.97661    
    39.65777    
    9.401873    
    6.536273    
    6.442368    
    6.156921    
    7.651433    
    9.435452    
    9.991987    
    9.888268    
    11.36003    
    16.98407    
    20.82910    
    22.99220    
    84.30634    
    336.3053    
    753.1842    
    1059.823    
    1042.222    
    909.2124    
    874.5350    
    974.3431    
    1294.443    
    1478.332    
    1458.032    

    257.2933    
    309.3204    
    294.6241    
    320.2058    
    287.5005    
    149.2319    
    92.39174    
    273.4312    
    632.3013    
    762.6355    
    512.9199    
    439.6822    
    756.6187    
    934.6655    
    847.4474    
    714.4194    
    462.2042    
    199.0901    
    150.1984    
    219.5444    
    200.7761    
    94.98985    
    20.79556    
    4.919459    
    10.52388    
    17.01614    
    16.21681    
    11.11676    
    11.30747    
    18.77108    
    23.66560    
    17.83750    
    12.89234    
    11.85555    
    7.289794    
    85.64473    
    403.4274    
    902.3053    
    1144.551    
    953.7257    
    799.5060    
    997.5770    
    1290.068    
    1331.142    
    1336.158    

    180.6018    
    253.8181    
    271.2609    
    327.5844    
    336.3308    
    193.8124    
    94.87700    
    247.4953    
    633.0001    
    830.5790    
    593.4516    
    375.9631    
    540.7542    
    853.4667    
    1032.804    
    1002.496    
    697.7467    
    321.7583    
    159.2211    
    138.2206    
    114.8234    
    71.26955    
    23.11238    
    17.91347    
    89.01041    
    158.1998    
    116.0486    
    31.87482    
    13.51268    
    34.28399    
    39.86732    
    26.59356    
    20.50701    
    18.64657    
    12.01386    
    13.84398    
    195.7888    
    712.4936    
    1115.495    
    985.3085    
    789.6293    
    962.1445    
    1140.515    
    1151.192    
    1337.599    

    191.7013    
    299.6157    
    296.0281    
    283.1956    
    277.9986    
    179.8277    
    98.84612    
    231.1818    
    626.3522    
    862.5809    
    695.4012    
    495.1140    
    482.4794    
    656.0754    
    937.5063    
    1070.044    
    856.2885    
    481.1356    
    240.0931    
    135.9380    
    69.97066    
    33.39098    
    13.09080    
    58.80524    
    272.6171    
    446.7789    
    302.7716    
    70.19606    
    10.77816    
    28.67166    
    30.45992    
    50.57055    
    73.84671    
    42.32808    
    14.32894    
    7.843452    
    160.5011    
    651.2068    
    1078.528    
    1010.084    
    792.0375    
    857.0701    
    991.2797    
    1111.699    
    1404.473    

    218.4599    
    382.0450    
    378.5694    
    285.7869    
    209.0367    
    136.6187    
    97.09042    
    212.5583    
    598.3066    
    871.8051    
    812.1171    
    749.2524    
    641.8844    
    530.8345    
    737.6613    
    1008.036    
    985.4852    
    746.3860    
    543.4637    
    425.8392    
    241.3607    
    77.06620    
    17.88888    
    72.01186    
    359.2749    
    632.3737    
    489.7614    
    174.4980    
    54.85871    
    37.98209    
    30.83741    
    96.66040    
    139.2551    
    65.36736    
    13.82070    
    8.914828    
    171.6468    
    635.2635    
    1003.514    
    941.6824    
    787.1759    
    931.6443    
    1157.667    
    1315.296    
    1486.517    

    192.4816    
    341.8044    
    402.7144    
    319.9603    
    168.2992    
    92.99944    
    97.95839    
    214.9289    
    550.6854    
    840.2241    
    910.7741    
    964.2252    
    872.0958    
    612.7600    
    661.6541    
    937.6428    
    1020.387    
    941.9440    
    884.1448    
    756.6219    
    443.8065    
    158.7282    
    33.69923    
    32.40582    
    236.3383    
    548.9578    
    613.5964    
    450.8407    
    334.0228    
    212.3259    
    86.04738    
    93.75205    
    106.7374    
    42.54617    
    15.03582    
    10.94985    
    127.7252    
    553.0948    
    906.0133    
    822.9945    
    812.4008    
    1142.734    
    1366.177    
    1438.190    
    1503.732    

    169.4352    
    202.8550    
    258.0880    
    232.4168    
    129.4851    
    99.58270    
    158.1492    
    300.2420    
    544.8589    
    794.8432    
    957.1192    
    1001.800    
    888.2533    
    656.7327    
    657.0920    
    871.1040    
    923.8776    
    960.1967    
    1037.351    
    871.2545    
    515.1924    
    207.8599    
    44.04583    
    7.767802    
    88.29358    
    289.3211    
    482.6836    
    583.5591    
    621.8697    
    480.3736    
    198.5832    
    76.20043    
    117.3510    
    109.6142    
    45.66182    
    11.54390    
    56.65279    
    388.5497    
    764.4775    
    762.3142    
    876.5072    
    1195.298    
    1266.048    
    1289.079    
    1412.597    

    216.4997    
    119.0596    
    102.6558    
    102.8151    
    122.6679    
    198.8375    
    320.2174    
    513.0193    
    675.0022    
    815.8935    
    964.7543    
    960.7021    
    823.0256    
    648.6415    
    650.9156    
    801.8207    
    864.4950    
    963.6526    
    1033.298    
    852.7203    
    508.9435    
    213.1301    
    56.50930    
    9.173995    
    23.84131    
    86.90104    
    195.7153    
    330.7324    
    467.9399    
    454.0307    
    226.7984    
    144.6740    
    363.0918    
    395.4438    
    140.5466    
    8.404223    
    15.26515    
    181.4137    
    467.2140    
    632.3182    
    872.4067    
    1104.751    
    1094.460    
    1114.709    
    1286.332    

    409.4185    
    171.5466    
    69.44353    
    65.84921    
    138.2065    
    297.3305    
    484.9747    
    728.6897    
    854.6592    
    872.0004    
    969.9212    
    995.8152    
    917.4991    
    776.4384    
    713.4142    
    814.2726    
    922.6443    
    999.5930    
    978.6137    
    808.5655    
    500.2383    
    223.4918    
    120.3572    
    86.16692    
    54.85067    
    50.32951    
    88.35507    
    167.8720    
    243.1806    
    214.8769    
    100.6460    
    166.5597    
    537.5770    
    653.4501    
    293.1667    
    55.76450    
    48.87200    
    63.33951    
    155.2723    
    365.3613    
    670.3237    
    951.1485    
    1035.887    
    1011.695    
    1137.175    

    618.1080    
    275.5315    
    100.4982    
    74.64581    
    132.4982    
    319.7730    
    570.7997    
    813.6334    
    913.2238    
    896.9269    
    964.1418    
    990.8694    
    936.4997    
    859.3521    
    824.9837    
    894.3652    
    944.5766    
    983.6166    
    914.3911    
    671.6556    
    393.8617    
    260.8274    
    321.1242    
    329.2541    
    196.0539    
    84.06487    
    105.4095    
    235.4837    
    284.7453    
    149.7952    
    23.03329    
    70.70282    
    393.8307    
    683.2776    
    481.8122    
    217.5325    
    226.3019    
    181.0704    
    73.12354    
    119.3503    
    355.4443    
    756.0753    
    975.7267    
    887.4155    
    962.8929    

    638.0690    
    322.0818    
    132.4052    
    102.7668    
    186.2947    
    348.6195    
    573.5948    
    771.1686    
    861.2135    
    913.1993    
    948.3260    
    903.9937    
    860.9577    
    868.3024    
    906.4607    
    896.7401    
    809.2957    
    820.8051    
    749.8398    
    461.0567    
    260.2703    
    367.0865    
    625.5857    
    635.5786    
    374.7121    
    149.0673    
    129.3948    
    252.5809    
    283.2160    
    140.6991    
    21.89558    
    6.042966    
    185.7914    
    544.6075    
    570.3850    
    369.2834    
    431.3613    
    463.4038    
    252.2983    
    67.63544    
    152.3174    
    536.6824    
    787.3260    
    771.9037    
    932.2103    

    499.7026    
    302.1479    
    130.6056    
    142.3479    
    316.6165    
    435.6296    
    510.5474    
    625.1953    
    748.5889    
    903.7052    
    960.0156    
    873.2635    
    864.2555    
    905.4987    
    857.4083    
    708.7549    
    535.0989    
    496.5480    
    438.9422    
    276.5024    
    277.9339    
    572.8635    
    895.9776    
    844.9597    
    503.0419    
    242.0515    
    215.8835    
    267.2253    
    187.9152    
    65.07370    
    24.82772    
    14.70341    
    75.46855    
    311.6535    
    437.1595    
    380.0992    
    506.0114    
    629.1462    
    429.9521    
    134.4896    
    71.61608    
    271.6163    
    520.8604    
    772.2282    
    1061.630    

    317.0258    
    262.6010    
    121.7041    
    142.3220    
    362.3865    
    501.5287    
    474.9374    
    477.5594    
    605.8766    
    823.8489    
    954.9645    
    878.6643    
    818.4409    
    785.4012    
    610.7711    
    446.7220    
    363.4809    
    310.1856    
    255.6270    
    245.6339    
    430.9373    
    815.9811    
    1083.458    
    956.9755    
    621.9206    
    367.5791    
    328.9705    
    309.6796    
    130.9792    
    47.32758    
    82.19550    
    46.17316    
    54.90420    
    190.7223    
    278.1882    
    311.0900    
    457.6959    
    548.3749    
    385.2090    
    178.8365    
    86.70181    
    95.62595    
    279.6859    
    622.0974    
    841.7194    

    203.0195    
    233.7847    
    137.4151    
    101.6704    
    253.5116    
    426.1018    
    446.8384    
    458.9806    
    607.9254    
    796.7207    
    934.9553    
    886.0474    
    710.7562    
    581.5198    
    497.4052    
    503.9398    
    516.8988    
    407.5374    
    289.4753    
    348.3913    
    618.7216    
    981.7793    
    1152.754    
    1043.567    
    837.7696    
    590.3380    
    436.3621    
    305.0476    
    95.91715    
    54.38331    
    109.5778    
    55.19444    
    88.59496    
    288.0824    
    386.4319    
    362.9278    
    390.5347    
    394.4133    
    298.1696    
    260.5077    
    235.2153    
    116.3173    
    95.51984    
    231.8196    
    301.8676    

