    29.21023    
    28.37117    
    31.31803    
    35.33113    
    180.3847    
    487.4990    
    762.2583    
    817.4907    
    668.0329    
    493.3462    
    280.9291    
    142.9659    
    145.2824    
    165.8824    
    254.5607    
    448.8084    
    780.3176    
    801.8058    
    564.9720    
    410.5480    
    348.1517    
    443.8643    
    449.6508    
    401.6753    
    389.5906    
    447.2391    
    486.1889    
    505.2346    
    567.9044    
    555.6999    
    612.6566    
    767.6204    
    828.5556    
    743.7103    
    665.4088    
    713.9246    
    695.6015    
    691.8624    
    846.9730    
    1062.275    
    1353.104    
    1468.162    
    1277.986    
    1357.242    
    1552.358    
    1588.385    

    25.17818    
    24.50191    
    25.51573    
    28.79128    
    115.6999    
    325.2458    
    695.4515    
    854.8688    
    629.5061    
    520.2744    
    364.9292    
    160.7782    
    146.8759    
    157.4318    
    174.8076    
    229.1619    
    363.3530    
    389.2137    
    283.0144    
    283.3635    
    404.6679    
    662.5319    
    784.8696    
    765.6429    
    729.3635    
    798.8793    
    859.5872    
    770.9718    
    815.3721    
    796.4282    
    780.0698    
    787.2509    
    784.2346    
    968.2943    
    990.6555    
    803.2937    
    741.3553    
    950.6879    
    1275.015    
    1276.544    
    1264.877    
    1332.809    
    1420.688    
    1614.375    
    1412.634    
    1446.241    

    23.89579    
    22.63212    
    23.83800    
    37.74444    
    64.56769    
    214.5728    
    490.2047    
    730.5539    
    661.2099    
    626.3240    
    450.8151    
    158.7804    
    266.2358    
    298.0943    
    215.1993    
    204.8319    
    195.1154    
    195.2491    
    266.2917    
    465.3920    
    643.6363    
    682.9555    
    760.0117    
    1053.489    
    1236.290    
    1367.019    
    1478.449    
    1402.154    
    1387.470    
    1301.284    
    1274.931    
    1319.841    
    1348.041    
    1479.007    
    1470.082    
    1296.874    
    1049.342    
    1102.525    
    1535.620    
    1731.095    
    1615.326    
    1468.816    
    1649.614    
    1723.239    
    1325.011    
    1285.786    

    24.19726    
    20.46180    
    25.06413    
    36.10049    
    64.26651    
    168.1616    
    255.3761    
    431.2259    
    539.1946    
    626.0516    
    436.0300    
    142.5273    
    396.4908    
    492.3373    
    311.3786    
    285.8730    
    325.4071    
    366.5926    
    470.1176    
    727.4886    
    1012.559    
    844.6724    
    642.0186    
    971.6766    
    1322.586    
    1493.534    
    1642.610    
    1650.287    
    1463.620    
    1344.017    
    1526.616    
    1564.001    
    1498.041    
    1561.250    
    1474.136    
    1490.355    
    1399.349    
    1176.104    
    1367.600    
    1718.546    
    1505.134    
    1292.688    
    1629.521    
    1644.903    
    1205.944    
    1055.254    

    23.92174    
    19.93637    
    22.72511    
    24.50086    
    50.89305    
    163.4320    
    210.8184    
    222.9594    
    340.3358    
    463.1313    
    320.9226    
    144.8877    
    411.9141    
    617.3245    
    419.7057    
    328.6891    
    573.0884    
    782.8986    
    753.0959    
    813.9144    
    1091.497    
    1056.596    
    823.4293    
    843.7518    
    1104.262    
    1283.268    
    1349.639    
    1481.732    
    1294.950    
    1139.467    
    1395.108    
    1351.006    
    1326.914    
    1537.219    
    1301.749    
    1354.695    
    1656.491    
    1504.132    
    1452.358    
    1597.452    
    1277.228    
    1342.503    
    1578.304    
    1174.220    
    991.8712    
    1228.779    

    23.42860    
    20.23317    
    17.97921    
    16.49980    
    19.91400    
    91.51637    
    149.7358    
    155.4458    
    208.1643    
    265.3238    
    218.1160    
    151.9024    
    340.5903    
    585.8325    
    449.8869    
    285.7881    
    637.4427    
    1069.152    
    1043.746    
    931.5682    
    1095.094    
    1212.852    
    1099.956    
    914.0223    
    938.6076    
    1020.602    
    1044.917    
    1178.271    
    1142.739    
    1208.000    
    1396.514    
    1275.690    
    1256.965    
    1354.110    
    1229.168    
    1510.630    
    1690.343    
    1491.051    
    1651.764    
    1560.707    
    1055.058    
    1295.663    
    1330.491    
    887.1996    
    1121.650    
    1583.053    

    27.67932    
    21.15825    
    16.33636    
    15.03983    
    14.71227    
    18.63994    
    37.38332    
    93.29984    
    188.3514    
    200.9057    
    165.9907    
    161.2189    
    210.2772    
    413.8640    
    400.0116    
    253.0263    
    588.5958    
    1142.488    
    1261.507    
    1141.662    
    1138.240    
    1249.646    
    1304.971    
    1259.323    
    1194.644    
    1133.186    
    1150.326    
    1216.123    
    1313.408    
    1368.691    
    1376.454    
    1312.297    
    1106.330    
    1014.612    
    1387.706    
    1871.097    
    1549.302    
    1299.541    
    1804.124    
    1791.835    
    1294.925    
    1067.237    
    985.0112    
    1207.846    
    1589.134    
    1742.682    

    39.81052    
    30.70330    
    19.64881    
    15.62112    
    14.70622    
    14.79892    
    13.39174    
    25.63232    
    95.94185    
    210.6345    
    249.2105    
    202.5102    
    160.1176    
    237.8111    
    290.5203    
    306.0458    
    650.4182    
    1120.853    
    1266.828    
    1122.610    
    1065.903    
    1175.817    
    1301.948    
    1362.808    
    1367.438    
    1365.210    
    1397.734    
    1445.498    
    1450.121    
    1348.383    
    1257.018    
    1217.209    
    954.9305    
    979.1147    
    1359.126    
    1471.414    
    1319.935    
    1586.895    
    1942.496    
    1824.705    
    1401.502    
    846.2355    
    986.3101    
    1646.084    
    1804.806    
    1517.931    

    49.37732    
    48.29572    
    33.82628    
    19.36232    
    14.80164    
    13.27102    
    11.53067    
    7.781479    
    0.000000    
    79.78191    
    177.6198    
    202.6642    
    250.3799    
    230.8707    
    214.2038    
    294.4281    
    476.9981    
    837.1945    
    996.3917    
    958.6983    
    1153.649    
    1199.247    
    1168.978    
    1157.287    
    1108.724    
    1185.267    
    1383.576    
    1509.224    
    1356.979    
    1269.604    
    1213.277    
    973.5104    
    801.6312    
    938.4559    
    1032.313    
    1093.738    
    1479.781    
    1864.170    
    1571.412    
    1138.717    
    932.4434    
    964.3660    
    1362.641    
    1701.559    
    1552.359    
    1220.036    

    53.27517    
    60.15773    
    51.48890    
    31.13243    
    17.63538    
    12.86445    
    10.95083    
    9.619501    
    8.577614    
    0.000000    
    10.19132    
    85.00739    
    300.1990    
    377.1144    
    257.6604    
    249.9883    
    269.6019    
    417.6955    
    611.8798    
    785.1726    
    1135.970    
    1289.853    
    1121.419    
    1088.084    
    1014.178    
    1110.049    
    1449.572    
    1500.220    
    1389.311    
    1202.405    
    932.4490    
    800.8643    
    997.3333    
    1181.300    
    1261.629    
    1376.807    
    1594.738    
    1606.320    
    1077.806    
    739.7435    
    967.6057    
    1493.819    
    1698.740    
    1454.899    
    1232.447    
    1377.352    

    55.86248    
    63.60820    
    60.65396    
    43.65826    
    23.66208    
    11.52485    
    9.264188    
    8.507129    
    7.418876    
    6.380041    
   0.5893255    
    0.000000    
    143.5678    
    356.7643    
    402.4750    
    330.8216    
    260.0999    
    214.6910    
    299.9683    
    455.9927    
    747.5497    
    1213.064    
    1193.928    
    972.0248    
    883.6272    
    1105.261    
    1507.343    
    1453.501    
    1224.278    
    884.1238    
    699.1014    
    1077.147    
    1454.921    
    1426.008    
    1431.647    
    1398.341    
    1225.265    
    1059.296    
    754.3705    
    791.9816    
    1424.436    
    1774.824    
    1502.636    
    1118.154    
    1242.685    
    1759.788    

    59.24003    
    65.70786    
    62.03466    
    45.70025    
    26.93213    
    15.75360    
    9.484627    
    5.098838    
    6.015679    
    4.874699    
    3.728459    
    0.000000    
    4.553266    
    131.2684    
    371.6853    
    505.4934    
    373.9922    
    216.1668    
    143.2409    
    130.5589    
    321.1671    
    743.0853    
    1120.223    
    1042.715    
    738.0750    
    1007.287    
    1438.126    
    1391.313    
    977.9213    
    615.3268    
    927.5349    
    1494.920    
    1577.267    
    1283.003    
    1299.217    
    1360.806    
    980.6729    
    609.9500    
    612.2413    
    1008.126    
    1672.984    
    1709.268    
    1114.517    
    1006.505    
    1532.991    
    1815.957    

    61.59329    
    66.07730    
    57.54861    
    38.45198    
    38.34478    
    77.00790    
    62.61473    
    6.803940    
   0.3808642    
    4.888697    
    2.824668    
    3.281814    
    0.000000    
    0.000000    
    150.6548    
    442.7101    
    559.3248    
    475.0219    
    288.9754    
    90.33075    
    89.15299    
    272.4171    
    795.3981    
    929.4260    
    701.9101    
    1089.950    
    1347.329    
    1173.573    
    739.6689    
    614.5466    
    1040.558    
    1422.907    
    1504.123    
    1221.341    
    1183.632    
    1235.807    
    758.1204    
    452.7428    
    797.0876    
    1374.828    
    1787.586    
    1571.962    
    942.3669    
    1098.424    
    1649.671    
    1418.449    

    66.52212    
    62.25205    
    48.65827    
    27.76180    
    45.99318    
    111.8719    
    165.9282    
    152.6882    
    58.42529    
    0.000000    
   2.7518932E-02
    3.195953    
    3.029205    
    0.000000    
    31.55584    
    154.0403    
    428.6544    
    685.8589    
    594.8510    
    236.8552    
    37.81386    
    97.89121    
    420.1230    
    494.3517    
    651.7674    
    1056.237    
    993.1627    
    727.8022    
    483.6671    
    537.2854    
    674.4583    
    852.3031    
    1128.900    
    1039.099    
    857.3122    
    787.9890    
    513.8605    
    706.9656    
    1258.394    
    1551.791    
    1725.603    
    1323.085    
    826.2237    
    1300.139    
    1579.481    
    1146.525    

    86.46151    
    63.62259    
    42.86102    
    21.90166    
    28.99701    
    64.79984    
    168.4109    
    272.0345    
    194.4115    
    80.12720    
    25.62843    
    0.000000    
    2.850192    
    1.953154    
    2.344111    
    10.99607    
    128.4805    
    457.8315    
    650.2891    
    369.9607    
    65.53448    
    69.55215    
    180.0123    
    229.6788    
    368.4181    
    510.0781    
    412.6935    
    279.3434    
    280.9715    
    316.3665    
    299.3662    
    356.0825    
    495.7489    
    519.7402    
    442.8845    
    383.0461    
    405.8449    
    809.5069    
    1301.940    
    1419.523    
    1419.222    
    987.6951    
    851.6128    
    1474.916    
    1415.661    
    1102.018    

    66.52685    
    41.55819    
    30.44490    
    23.11274    
    13.37278    
    23.09082    
    99.79465    
    205.1621    
    258.7778    
    259.4563    
    147.1091    
    14.40753    
    0.000000    
    2.954190    
    1.711419    
   9.2041776E-02
    11.06600    
    123.3946    
    326.3940    
    347.4656    
    167.5994    
    67.34502    
    66.81744    
    146.2378    
    183.8631    
    143.6364    
    150.2582    
    207.2338    
    249.8528    
    234.1212    
    267.4780    
    340.6889    
    350.4503    
    324.3491    
    355.7709    
    320.4812    
    331.7492    
    513.1630    
    881.0675    
    1085.819    
    883.8577    
    565.6382    
    740.4828    
    1230.863    
    1136.722    
    1066.925    

    19.97122    
    8.705059    
    10.85179    
    13.55149    
    6.769158    
    3.957602    
    86.14284    
    198.3237    
    273.1263    
    342.8427    
    355.8201    
    190.8019    
    12.19084    
    0.000000    
    3.014390    
    2.839508    
    3.315814    
    6.555403    
    51.85893    
    134.7784    
    123.0706    
    57.48143    
    67.95690    
    220.1831    
    325.4212    
    222.3754    
    198.0127    
    311.8105    
    382.4644    
    424.2650    
    553.2408    
    802.7462    
    912.2597    
    855.7028    
    782.4796    
    653.0529    
    455.1142    
    341.5028    
    496.1437    
    590.4973    
    509.5557    
    516.9846    
    595.4101    
    708.3453    
    741.3876    
    808.5410    

    12.15056    
   0.9469971    
    2.537412    
    2.978543    
    2.504393    
    0.000000    
    81.72462    
    261.5506    
    335.0200    
    355.1097    
    479.0706    
    525.3409    
    254.6883    
    8.756968    
    0.000000    
    3.703355    
    6.184133    
    6.597153    
    3.671784    
    3.364636    
    13.23497    
    34.99131    
    67.31672    
    163.5907    
    286.6272    
    270.0134    
    277.0081    
    438.3830    
    589.0857    
    797.4153    
    1043.134    
    1264.184    
    1339.802    
    1347.116    
    1326.206    
    1224.203    
    1019.838    
    696.0327    
    475.7466    
    374.3410    
    564.6348    
    922.3569    
    997.3585    
    838.3174    
    688.4580    
    618.7301    

    9.066742    
    0.000000    
   0.6184690    
    2.839904    
    3.692331    
   6.1248235E-02
    32.91753    
    149.0811    
    272.0565    
    318.3281    
    474.5289    
    734.3770    
    613.8452    
    167.9371    
    0.000000    
    4.018061    
    5.752513    
    7.252233    
    9.653569    
    14.23209    
    19.72041    
    22.20794    
    16.47722    
    24.51475    
    83.10700    
    174.8777    
    327.9879    
    428.7613    
    542.2193    
    889.1097    
    1158.891    
    1269.458    
    1307.553    
    1351.424    
    1470.510    
    1481.827    
    1309.230    
    961.4606    
    857.2672    
    836.7364    
    720.4080    
    862.3441    
    1056.350    
    1143.606    
    1111.189    
    1073.218    

    1.087060    
    4.526451    
    6.362779    
    3.509624    
    1.759156    
    3.140249    
    0.000000    
    3.968545    
    75.37818    
    143.2403    
    310.9438    
    564.6587    
    623.0596    
    304.4778    
    7.311734    
    0.000000    
    4.190225    
    0.000000    
   0.6728156    
    10.20333    
    14.30929    
    15.68142    
    15.30699    
    10.95631    
    0.000000    
    33.89999    
    174.5465    
    192.8718    
    225.8177    
    515.3057    
    801.0685    
    1097.440    
    1346.519    
    1281.606    
    1298.041    
    1304.863    
    1115.021    
    1125.340    
    1375.261    
    1380.355    
    931.5768    
    789.1609    
    867.4418    
    903.0729    
    1082.767    
    1407.999    

    15.75485    
    39.36834    
    52.56709    
    43.62469    
    26.59451    
    5.894147    
   0.5698769    
    0.000000    
    0.000000    
    5.499028    
    73.91545    
    175.6492    
    227.7218    
    144.0172    
    26.88227    
    0.000000    
    0.000000    
    42.68225    
    45.80736    
    3.739327    
    9.562763    
    10.61542    
    10.64899    
    9.639629    
    10.81690    
    7.506858    
    17.98987    
    22.24597    
    60.42792    
    228.6399    
    466.6537    
    786.7584    
    1145.170    
    1264.189    
    1215.590    
    1105.786    
    1074.508    
    1382.288    
    1538.221    
    1306.086    
    1186.797    
    1320.237    
    1302.234    
    1126.446    
    949.4645    
    1266.079    

    66.57375    
    96.06211    
    121.8740    
    123.1292    
    99.68775    
    39.05546    
   0.7141027    
    4.376303    
    2.650640    
    0.000000    
    0.000000    
    0.000000    
    0.000000    
    0.000000    
    1.161872    
    1.651112    
    0.000000    
    96.30029    
    148.1642    
    40.51117    
    3.362885    
    8.084280    
    7.828719    
    7.733118    
    10.48148    
    12.61593    
    10.06600    
    8.937551    
    13.51581    
    82.32047    
    217.6918    
    386.2902    
    672.6818    
    1091.968    
    1315.081    
    1290.904    
    1197.547    
    1355.873    
    1508.180    
    1422.288    
    1651.764    
    1888.216    
    1759.236    
    1486.327    
    1069.798    
    1153.516    

    182.2431    
    143.5535    
    144.1622    
    154.5690    
    142.2197    
    79.70521    
    9.489700    
    23.29262    
    39.69255    
    3.772705    
    0.000000    
    0.000000    
    0.000000    
   0.8219521    
    1.324246    
    1.119902    
    0.000000    
    46.06766    
    93.67107    
    42.74280    
    4.318997    
    8.552271    
    8.678633    
    8.797034    
    10.06783    
    10.46491    
    10.11032    
    11.26840    
    10.68976    
    13.07938    
    49.63762    
    160.6336    
    378.6155    
    761.5139    
    1201.392    
    1469.485    
    1357.769    
    1524.839    
    1794.901    
    1845.085    
    1925.304    
    1777.628    
    1741.080    
    1684.606    
    1242.459    
    1106.850    

    209.8357    
    163.1048    
    172.7633    
    175.3737    
    158.8504    
    91.27097    
    13.71095    
    124.7205    
    272.2962    
    170.3899    
    39.28362    
    49.44190    
    31.98072    
    0.000000    
   0.7833769    
    3.941447    
   0.2760769    
    0.000000    
    0.000000    
    2.700926    
    7.625611    
    8.818300    
    8.761140    
    9.153021    
    9.183725    
    8.501837    
    8.380190    
    8.637700    
    9.562623    
    10.16276    
    4.377758    
    44.09725    
    149.0376    
    344.2473    
    755.5217    
    1288.810    
    1587.966    
    1695.645    
    1639.922    
    1521.346    
    1551.411    
    1285.300    
    1314.025    
    1715.230    
    1427.128    
    1288.601    

    189.2172    
    204.6589    
    270.6053    
    311.6108    
    216.7355    
    87.01485    
    29.06299    
    270.4194    
    615.7454    
    529.2335    
    204.5473    
    183.0774    
    250.0695    
    200.6014    
    148.7673    
    55.68044    
    0.000000    
    0.000000    
    0.000000    
    0.000000    
   0.3790229    
    5.204960    
    7.198813    
    7.951054    
    8.088684    
    7.863701    
    8.195992    
    8.576734    
    8.645634    
    8.685944    
    10.61677    
    14.42645    
    37.44637    
    79.48852    
    301.6398    
    853.6722    
    1384.026    
    1452.854    
    1116.211    
    899.8674    
    1170.427    
    1055.022    
    1024.060    
    1511.533    
    1463.394    
    1514.009    

    263.3177    
    309.2387    
    337.9527    
    377.6082    
    214.9223    
    72.14040    
    50.95749    
    247.5837    
    632.2112    
    716.1871    
    413.9398    
    320.7001    
    650.5999    
    821.6095    
    527.0001    
    246.2113    
    105.3083    
    15.48076    
    10.53510    
    19.37793    
    5.622107    
    0.000000    
    4.152746    
    7.416037    
    7.206666    
    8.071742    
    9.151254    
    9.594186    
    9.626853    
    9.339712    
    9.650215    
    14.04821    
    27.39834    
    28.07215    
    44.42709    
    280.2870    
    762.4108    
    1130.638    
    1062.333    
    808.6213    
    955.1773    
    917.0955    
    1028.252    
    1531.292    
    1534.651    
    1558.647    

    249.2004    
    375.3181    
    325.6995    
    306.1382    
    290.2361    
    160.2367    
    58.17254    
    129.8796    
    459.6859    
    805.6901    
    625.6281    
    333.1284    
    692.7153    
    1088.821    
    803.4388    
    578.3389    
    452.0356    
    179.2534    
    73.20327    
    174.3138    
    249.0975    
    133.1868    
    21.29150    
    4.747209    
    6.775183    
    3.715879    
    3.688810    
    8.171480    
    10.34929    
    10.65210    
    9.911047    
    11.83066    
    14.65907    
    13.18683    
    6.282722    
    6.228570    
    296.2950    
    823.3926    
    1222.929    
    1075.003    
    798.0477    
    827.8198    
    1124.205    
    1494.023    
    1353.361    
    1385.469    

    135.9904    
    268.6644    
    267.5994    
    279.0594    
    405.3896    
    294.1398    
    84.37872    
    97.13612    
    407.0231    
    856.8060    
    762.4177    
    330.5056    
    402.3795    
    842.5591    
    1003.843    
    1004.169    
    823.1342    
    394.3937    
    149.5100    
    203.7663    
    250.9999    
    169.8203    
    55.66074    
    1.482805    
    6.672640    
    24.93180    
    35.72808    
    17.27886    
    8.667401    
    15.56111    
    38.96008    
    33.96060    
    10.89966    
    12.82379    
    15.12887    
    1.519019    
    38.53632    
    455.4858    
    1107.414    
    1172.856    
    768.9958    
    803.1610    
    1235.122    
    1306.922    
    1170.261    
    1435.540    

    107.0425    
    210.7099    
    268.2986    
    270.0862    
    355.8026    
    289.9912    
    106.7400    
    91.25313    
    394.5688    
    873.6025    
    829.4899    
    451.3933    
    319.5741    
    598.5042    
    968.9603    
    1154.244    
    1028.438    
    545.0211    
    198.1085    
    85.49969    
    12.61633    
    25.85696    
    33.74017    
    1.565781    
    61.93266    
    262.5045    
    309.6346    
    101.5530    
    0.000000    
    29.82221    
    52.79255    
    33.75603    
    27.75795    
    30.54665    
    16.08698    
    15.32056    
    0.000000    
    289.1330    
    997.9416    
    1183.768    
    815.6139    
    770.7465    
    1039.549    
    980.4693    
    1147.115    
    1597.480    

    122.0187    
    327.0341    
    392.4204    
    253.3073    
    253.5862    
    212.6145    
    109.9649    
    87.42638    
    351.4789    
    885.7584    
    861.4730    
    639.2485    
    570.2401    
    441.5994    
    615.2377    
    1011.583    
    1085.910    
    765.7849    
    415.6277    
    261.1364    
    184.4998    
    56.90953    
    17.05726    
    0.000000    
    171.7225    
    594.3086    
    620.6677    
    179.2312    
    0.000000    
    13.29043    
    18.78145    
    16.50967    
    124.2585    
    112.8237    
    9.854973    
    16.05325    
    0.000000    
    352.8713    
    964.8816    
    1167.519    
    873.4341    
    708.3555    
    909.6295    
    1035.471    
    1283.741    
    1589.555    

    98.36281    
    326.4238    
    482.3017    
    386.2481    
    250.0058    
    119.9402    
    103.9554    
    87.01495    
    324.3130    
    831.6762    
    908.3129    
    839.4341    
    948.0870    
    607.6113    
    458.8898    
    864.9341    
    1069.718    
    1020.528    
    783.6037    
    713.4869    
    544.2337    
    179.7997    
    54.49826    
    0.000000    
    116.3249    
    554.7435    
    759.7747    
    399.3720    
    119.3889    
    86.75551    
    33.10097    
    54.95753    
    190.9159    
    129.0222    
    9.768533    
    19.60607    
    0.000000    
    333.7157    
    889.5856    
    992.0695    
    733.7073    
    833.2067    
    1275.385    
    1410.182    
    1531.789    
    1540.983    

    129.0842    
    216.0556    
    342.4364    
    399.8711    
    243.7160    
    59.53502    
    88.56714    
    112.2960    
    336.0915    
    710.6611    
    910.2462    
    985.1033    
    1084.276    
    848.4085    
    536.1306    
    786.6619    
    1029.257    
    962.0463    
    1001.598    
    1037.890    
    730.8766    
    320.3161    
    80.29866    
    0.000000    
    13.29838    
    260.9865    
    620.3265    
    674.9126    
    609.6891    
    520.2579    
    209.1891    
    46.94194    
    82.19285    
    24.81857    
    6.575342    
    24.19334    
    0.000000    
    177.1852    
    811.8926    
    930.5056    
    635.6957    
    1046.994    
    1415.350    
    1363.792    
    1446.996    
    1495.161    

    204.9978    
    127.6032    
    125.3247    
    164.7197    
    121.3605    
    93.32887    
    156.8998    
    274.8339    
    477.7468    
    654.9365    
    903.5291    
    1029.598    
    908.2220    
    712.1060    
    530.2857    
    775.2900    
    893.2072    
    811.0001    
    1066.142    
    1043.772    
    672.4785    
    337.0984    
    93.72655    
    2.158093    
    15.61473    
    63.27471    
    212.6968    
    422.7983    
    626.8363    
    730.6955    
    461.3520    
    76.84986    
    98.81708    
    263.5754    
    143.4875    
    8.391091    
    13.59118    
    35.83479    
    529.2860    
    786.2257    
    696.8300    
    1126.510    
    1192.340    
    1092.710    
    1252.817    
    1455.414    

    369.2870    
    164.1110    
    59.19962    
    61.37921    
    63.80092    
    212.1814    
    332.9400    
    516.1961    
    783.3004    
    784.0253    
    921.0832    
    1004.807    
    900.1818    
    771.5925    
    580.5818    
    717.5049    
    821.2808    
    932.4919    
    1044.976    
    978.2993    
    716.3309    
    309.8664    
    111.8293    
    18.32326    
   0.5998999    
    15.87590    
    55.75670    
    91.60954    
    181.6853    
    332.5424    
    291.5331    
    77.45867    
    325.5703    
    764.4043    
    410.3078    
    0.000000    
    11.63462    
    0.000000    
    160.5340    
    392.8104    
    653.4066    
    1012.881    
    1087.275    
    1005.516    
    1107.791    
    1329.306    

    727.5924    
    376.6834    
    86.19241    
    71.00286    
    67.21385    
    209.6300    
    434.5706    
    656.1920    
    959.0705    
    892.2405    
    890.6523    
    1063.143    
    1015.130    
    983.0923    
    770.4866    
    785.0836    
    933.2212    
    1003.583    
    1017.321    
    873.8584    
    665.7734    
    308.9826    
    163.2889    
    187.9872    
    137.7573    
    65.16956    
    64.51588    
    141.5382    
    256.6550    
    201.8398    
    33.59241    
    0.000000    
    263.2097    
    797.1236    
    641.9649    
    120.3941    
    91.02929    
    92.82408    
    0.000000    
    67.74466    
    347.4834    
    667.5242    
    1036.914    
    1013.842    
    919.6319    
    1191.970    

    889.0222    
    479.1339    
    160.1163    
    84.68115    
    75.68536    
    177.4638    
    457.4279    
    735.0084    
    904.2628    
    897.3212    
    907.4937    
    995.2788    
    889.9266    
    857.8501    
    825.9795    
    918.3851    
    940.7712    
    900.7308    
    1012.832    
    753.5536    
    393.4373    
    207.2534    
    363.7847    
    569.4362    
    421.8358    
    159.4529    
    47.12113    
    168.4629    
    375.2786    
    305.2079    
    58.54075    
    0.000000    
    19.60156    
    495.3881    
    798.6341    
    366.2556    
    292.4512    
    428.9032    
    202.5545    
    22.19502    
    39.97803    
    366.7914    
    953.0712    
    899.0792    
    717.1089    
    1022.861    

    737.5476    
    446.5724    
    202.5048    
    82.31850    
    168.3822    
    323.6473    
    435.9392    
    666.0037    
    779.3998    
    863.8701    
    984.1122    
    906.4197    
    824.3498    
    871.7043    
    917.6755    
    963.8026    
    764.0015    
    631.6792    
    737.9784    
    494.9955    
    202.2405    
    238.1501    
    659.1581    
    909.9638    
    641.0788    
    276.4810    
    113.2143    
    188.7810    
    277.8010    
    174.5766    
    24.47127    
    4.570301    
    0.000000    
    228.1761    
    656.2316    
    460.4186    
    358.0083    
    646.0823    
    576.0751    
    208.3687    
    0.000000    
    202.5001    
    624.3668    
    672.7872    
    798.6393    
    1190.232    

    435.3393    
    379.3511    
    180.1634    
    57.43583    
    261.2553    
    513.1813    
    469.7505    
    470.4962    
    584.8815    
    766.2041    
    1000.634    
    948.8963    
    813.3884    
    947.5793    
    885.0357    
    663.1192    
    444.0965    
    300.6184    
    315.9160    
    206.8788    
    201.8950    
    469.4501    
    924.6958    
    1090.093    
    738.7036    
    355.9041    
    222.6068    
    338.9320    
    263.3869    
    35.89635    
    25.35057    
    44.91876    
    9.324589    
    64.37357    
    297.8329    
    334.1547    
    367.8150    
    652.1402    
    642.2872    
    293.0776    
    36.51218    
    47.45208    
    212.1464    
    574.1411    
    1043.345    
    1214.304    

    155.9541    
    297.4585    
    193.4311    
    55.78621    
    194.8106    
    480.2989    
    542.8842    
    416.6185    
    438.2415    
    634.1791    
    894.3779    
    975.9495    
    776.4232    
    736.3726    
    572.6171    
    322.3124    
    357.3602    
    351.8484    
    272.3594    
    227.3540    
    346.4078    
    705.9965    
    1163.782    
    1155.259    
    843.8464    
    549.2281    
    342.5771    
    411.7661    
    224.6335    
    0.000000    
    128.0634    
    130.4493    
    0.000000    
    145.9186    
    254.7639    
    226.0013    
    316.3889    
    494.4395    
    404.6326    
    200.8383    
    184.9177    
    77.92529    
    44.98004    
    287.4763    
    583.4271    
    525.8015    

    141.2399    
    217.4253    
    226.8241    
    73.61887    
    82.46608    
    256.4706    
    424.7534    
    403.0973    
    577.9651    
    781.3157    
    877.0100    
    992.4837    
    799.3330    
    530.8959    
    486.1938    
    608.4976    
    727.5892    
    630.7975    
    375.1444    
    283.0433    
    536.7601    
    885.7220    
    1171.617    
    1120.357    
    1054.807    
    903.1972    
    566.3493    
    424.7557    
    159.0351    
    0.000000    
    89.46985    
    90.32850    
    0.000000    
    208.4612    
    543.1860    
    521.7764    
    387.5447    
    363.7657    
    314.8153    
    272.3922    
    383.8825    
    294.1360    
    48.22794    
    1.395081    
    54.97986    
    43.26179    

