    113.9429    
    227.2084    
    322.4490    
    384.3820    
    354.8768    
    327.6321    
    296.0953    
    165.9612    
    102.5825    
    165.5601    
    322.1381    
    592.7280    
    753.3661    
    746.7500    
    780.1209    
    722.5383    
    581.9824    
    575.0593    
    588.7773    
    603.0183    
    681.4986    
    708.6820    
    680.4642    
    660.7567    
    574.9770    
    392.1327    
    222.1413    
    142.3331    
    136.2820    
    153.5329    
    168.1702    
    217.3478    
    332.0583    
    456.6218    
    511.7080    

    87.18789    
    219.4658    
    313.0687    
    330.0711    
    296.2587    
    282.0356    
    249.8681    
    176.1411    
    198.8362    
    287.6701    
    371.1092    
    534.6038    
    705.9130    
    864.0798    
    1030.749    
    961.0890    
    762.9730    
    672.8458    
    650.2227    
    791.8334    
    991.7620    
    988.7395    
    920.6523    
    894.9984    
    782.3999    
    568.6002    
    338.7416    
    195.3636    
    168.9814    
    197.7645    
    233.7749    
    268.7670    
    328.4946    
    404.7035    
    421.2750    

    32.40392    
    128.0132    
    250.3045    
    306.6070    
    262.6875    
    213.7335    
    178.8328    
    177.6939    
    284.1830    
    444.4644    
    583.0630    
    673.3405    
    716.3293    
    841.9882    
    1041.278    
    1156.886    
    1150.974    
    953.1537    
    785.4186    
    936.3672    
    1134.200    
    1036.120    
    867.4913    
    818.2346    
    722.6725    
    569.3983    
    410.6397    
    296.5257    
    286.2070    
    331.7300    
    359.8065    
    331.6614    
    283.4232    
    275.4583    
    267.8860    

    12.19424    
    47.55857    
    116.9179    
    177.0536    
    177.3709    
    172.7496    
    164.2831    
    176.4901    
    301.1583    
    514.3740    
    757.0813    
    933.1844    
    947.5343    
    939.0433    
    1036.138    
    1318.643    
    1529.169    
    1283.770    
    1015.330    
    1007.054    
    999.0864    
    841.1547    
    641.8511    
    544.2692    
    454.9965    
    369.7604    
    339.2966    
    336.3490    
    353.8228    
    363.3465    
    325.9716    
    249.5927    
    192.2914    
    206.5664    
    247.7778    

    27.00405    
    56.26525    
    69.07972    
    121.3992    
    215.8774    
    274.9464    
    231.9766    
    166.1394    
    241.1581    
    451.6929    
    715.7875    
    976.2292    
    1096.853    
    1069.042    
    1081.887    
    1292.882    
    1482.007    
    1382.811    
    1235.564    
    1060.997    
    774.0466    
    561.8007    
    432.2241    
    340.0906    
    279.4386    
    263.1522    
    330.4493    
    418.3402    
    397.7746    
    282.7788    
    194.8125    
    161.4111    
    167.5084    
    218.6480    
    284.0616    

    41.94054    
    108.1190    
    154.9401    
    247.2211    
    378.2577    
    383.1171    
    248.1413    
    136.2044    
    167.4556    
    331.1739    
    540.8726    
    749.6411    
    870.2846    
    870.8517    
    960.9659    
    1203.940    
    1399.011    
    1470.676    
    1425.905    
    1125.624    
    671.1575    
    403.2326    
    319.0163    
    287.1412    
    313.7158    
    382.9125    
    471.8431    
    525.3320    
    422.9793    
    230.4684    
    155.5283    
    183.2246    
    216.0289    
    255.5998    
    303.9238    

    33.90760    
    126.2591    
    221.4733    
    306.7880    
    380.2819    
    331.8205    
    197.4689    
    123.5035    
    149.4605    
    272.7252    
    433.7012    
    564.1777    
    641.0089    
    702.6001    
    844.2316    
    1111.156    
    1400.399    
    1532.610    
    1476.192    
    1196.637    
    773.3870    
    472.1228    
    358.2090    
    380.9743    
    509.5857    
    611.6626    
    562.3214    
    426.1367    
    289.6505    
    190.0919    
    184.1754    
    226.9699    
    259.6638    
    300.7494    
    340.5922    

    23.50871    
    95.95966    
    166.7465    
    229.4492    
    273.6779    
    221.7126    
    142.1767    
    125.9296    
    195.6254    
    366.6288    
    538.3914    
    630.0602    
    717.5746    
    848.2804    
    910.1103    
    996.2872    
    1273.028    
    1452.810    
    1407.371    
    1226.592    
    887.3672    
    565.1088    
    442.1270    
    526.5045    
    696.4620    
    708.0743    
    489.7424    
    267.6390    
    173.7489    
    178.3213    
    229.3961    
    261.7751    
    286.7645    
    334.9239    
    371.4883    

    28.30854    
    70.25925    
    105.0612    
    172.9701    
    224.3534    
    165.1561    
    103.6800    
    120.7450    
    230.3640    
    418.9199    
    561.9313    
    633.0648    
    757.8626    
    1034.484    
    1251.033    
    1238.040    
    1292.994    
    1447.244    
    1418.939    
    1201.047    
    915.3540    
    670.9982    
    564.2136    
    631.5736    
    729.0164    
    609.0403    
    369.1551    
    257.5200    
    225.1977    
    227.3905    
    271.6372    
    301.8042    
    324.3466    
    360.8746    
    398.4445    

    36.38724    
    71.63640    
    99.01420    
    144.2206    
    182.3589    
    155.4996    
    107.2402    
    112.0386    
    183.0057    
    269.7182    
    331.8233    
    445.4440    
    680.4846    
    1151.051    
    1637.559    
    1650.710    
    1467.017    
    1464.484    
    1376.065    
    1145.795    
    982.9796    
    833.2524    
    676.6127    
    662.4954    
    695.4476    
    541.6380    
    358.4156    
    332.7415    
    324.8746    
    294.7084    
    300.9598    
    339.5512    
    376.2482    
    405.6074    
    449.2610    

    28.70646    
    65.36820    
    91.94433    
    106.1778    
    141.4398    
    185.4202    
    154.4944    
    99.78793    
    106.4285    
    129.8779    
    161.2646    
    292.9373    
    568.7211    
    1034.967    
    1496.413    
    1580.650    
    1478.088    
    1405.334    
    1288.564    
    1210.970    
    1107.383    
    858.7151    
    633.1759    
    635.2712    
    686.9525    
    534.2006    
    381.4711    
    368.0606    
    361.3759    
    334.1641    
    326.0197    
    360.8815    
    407.3408    
    449.7368    
    498.9209    

    26.79546    
    60.31448    
    83.75804    
    87.79885    
    120.8168    
    182.9891    
    156.2190    
    71.35043    
    55.49680    
    88.30905    
    122.6432    
    195.8463    
    381.3520    
    725.3886    
    1053.525    
    1185.245    
    1271.420    
    1308.802    
    1260.784    
    1234.279    
    1067.815    
    786.3595    
    670.9494    
    781.7932    
    802.3810    
    552.7162    
    372.6524    
    360.0574    
    356.8097    
    347.3624    
    348.2012    
    374.2607    
    413.8484    
    467.9019    
    522.0706    

    47.35919    
    80.90024    
    102.1059    
    104.0804    
    119.0261    
    136.7620    
    95.92987    
    36.82891    
    28.08983    
    58.34842    
    89.08589    
    121.5605    
    215.7875    
    453.5776    
    740.6172    
    915.0613    
    1053.337    
    1159.310    
    1131.894    
    1012.940    
    875.8687    
    872.4299    
    1043.609    
    1171.557    
    982.1028    
    574.1482    
    376.7802    
    378.5831    
    375.3439    
    365.5555    
    372.8526    
    404.0972    
    440.3384    
    490.9810    
    544.2275    

    77.19994    
    128.9749    
    175.4705    
    206.7506    
    203.7817    
    139.5360    
    67.61468    
    35.15059    
    27.07175    
    36.87783    
    56.02592    
    83.05872    
    137.4043    
    310.2460    
    601.6719    
    843.4959    
    988.3770    
    1048.169    
    1024.394    
    963.0743    
    938.4922    
    1091.667    
    1315.224    
    1270.095    
    896.1760    
    531.6514    
    455.1807    
    489.9069    
    444.3248    
    392.9845    
    400.8552    
    441.9945    
    478.9009    
    516.8847    
    560.8446    

    105.5567    
    194.5498    
    333.2717    
    441.7043    
    415.5633    
    237.1003    
    93.82633    
    62.30331    
    55.16172    
    44.55829    
    42.13966    
    71.43120    
    138.9244    
    287.7540    
    539.6879    
    812.2105    
    1028.413    
    1118.738    
    1157.642    
    1264.326    
    1305.437    
    1220.085    
    1080.325    
    869.0020    
    661.0412    
    570.7581    
    587.0827    
    604.9469    
    529.6836    
    438.6551    
    431.3575    
    463.5046    
    492.2364    
    525.4952    
    567.7836    

    175.3480    
    327.6889    
    522.0270    
    669.1164    
    692.3330    
    511.0598    
    235.2014    
    105.2803    
    95.47172    
    65.46937    
    36.98076    
    62.97105    
    143.1651    
    252.4789    
    440.6296    
    748.5599    
    1065.852    
    1269.303    
    1376.222    
    1522.789    
    1523.227    
    1162.176    
    778.5508    
    645.6312    
    689.5546    
    731.3055    
    669.3877    
    622.9085    
    587.2551    
    503.5623    
    470.5374    
    488.5386    
    510.2565    
    546.9677    
    595.0519    

    289.6500    
    498.4214    
    674.0809    
    831.2838    
    982.4738    
    910.9624    
    515.7802    
    183.8269    
    100.3153    
    58.68650    
    25.12906    
    47.13480    
    98.89017    
    159.4653    
    357.3338    
    731.9622    
    1025.522    
    1209.430    
    1396.218    
    1559.121    
    1458.118    
    1027.775    
    784.3246    
    784.1255    
    788.2128    
    808.7993    
    737.9927    
    666.9260    
    651.2693    
    581.4576    
    530.6751    
    538.3476    
    558.5814    
    595.2818    
    641.6264    

    362.4544    
    622.9928    
    880.6252    
    1056.082    
    1210.406    
    1229.330    
    863.9568    
    347.1828    
    88.19551    
    35.96734    
    27.77307    
    51.29790    
    76.24329    
    124.8012    
    338.7243    
    691.0259    
    898.4923    
    1012.879    
    1243.604    
    1443.258    
    1291.321    
    960.7476    
    913.1661    
    866.3702    
    717.2031    
    743.8618    
    778.6461    
    729.8188    
    689.5707    
    647.8729    
    611.2136    
    616.5546    
    629.8182    
    653.0226    
    688.0606    

    421.1158    
    720.8799    
    1063.309    
    1225.365    
    1310.421    
    1390.045    
    1118.568    
    523.0602    
    120.6935    
    29.55924    
    37.30448    
    70.24487    
    92.96484    
    138.8936    
    325.8998    
    618.7787    
    833.7939    
    996.3628    
    1193.280    
    1284.259    
    1122.922    
    1008.241    
    1106.664    
    980.2885    
    704.0281    
    656.0865    
    730.7426    
    728.9434    
    683.7358    
    665.6976    
    656.0450    
    671.8706    
    684.8040    
    683.8089    
    692.6901    

    520.4595    
    788.3151    
    1057.857    
    1168.354    
    1217.240    
    1224.747    
    962.5104    
    486.4482    
    138.6395    
    30.47404    
    32.14384    
    59.67561    
    81.98953    
    141.0264    
    334.3965    
    638.7043    
    906.7330    
    1121.105    
    1288.614    
    1294.402    
    1192.997    
    1237.645    
    1334.180    
    1138.775    
    848.6445    
    727.0643    
    675.4622    
    660.5961    
    652.3543    
    657.7364    
    672.9767    
    670.5968    
    671.6813    
    670.8918    
    678.5294    

    541.9466    
    720.6001    
    822.7397    
    809.5463    
    777.7659    
    669.5405    
    459.6682    
    244.2211    
    86.13197    
    26.22899    
    28.32231    
    41.98790    
    71.32221    
    194.5388    
    453.1685    
    748.6864    
    970.0361    
    1198.900    
    1437.819    
    1503.261    
    1499.730    
    1512.130    
    1420.454    
    1246.152    
    1065.073    
    855.7146    
    630.5054    
    556.1677    
    594.0527    
    630.8218    
    652.5969    
    645.4601    
    659.5892    
    699.1859    
    727.7261    

    363.8171    
    400.3517    
    371.5447    
    294.5489    
    232.8690    
    161.5228    
    91.17718    
    52.46185    
    28.26834    
    19.92661    
    31.40547    
    47.51483    
    88.64977    
    258.1866    
    545.9098    
    778.7851    
    904.8434    
    1127.404    
    1448.023    
    1636.625    
    1707.645    
    1584.626    
    1453.893    
    1483.902    
    1238.961    
    858.4750    
    626.9968    
    522.8467    
    576.8958    
    616.6509    
    612.8558    
    645.6733    
    715.8373    
    793.9891    
    829.2037    

    122.2641    
    84.99828    
    53.79351    
    25.53321    
    6.805994    
   4.8445888E-02
    0.000000    
    1.148931    
    9.089195    
    17.73294    
    33.18334    
    74.42036    
    157.7782    
    348.0294    
    589.6547    
    694.1527    
    769.7002    
    1033.945    
    1364.323    
    1588.881    
    1607.961    
    1465.701    
    1529.864    
    1588.467    
    1192.849    
    854.5625    
    736.6596    
    598.7216    
    605.4552    
    663.5779    
    723.5253    
    799.9600    
    827.2510    
    884.0255    
    959.0284    

    30.86219    
    51.90710    
    67.07964    
    52.99969    
    20.27431    
    1.647333    
   0.5958534    
   0.6729023    
    9.902939    
    21.12517    
    27.70749    
    109.5390    
    303.5509    
    546.1393    
    700.2106    
    631.1499    
    692.6710    
    1060.385    
    1374.054    
    1512.635    
    1447.678    
    1441.227    
    1582.883    
    1400.546    
    1007.508    
    930.7063    
    953.6900    
    734.0732    
    604.2139    
    745.2635    
    966.0178    
    1058.514    
    970.2684    
    972.6969    
    1099.393    

    211.5809    
    284.6103    
    277.1821    
    195.2299    
    75.53498    
    12.04727    
    9.502568    
    8.540262    
    14.74106    
    23.09766    
    15.91369    
    116.8431    
    366.1013    
    584.6907    
    660.8820    
    601.6653    
    705.2783    
    1057.919    
    1366.742    
    1521.923    
    1548.275    
    1622.584    
    1594.582    
    1218.209    
    955.0959    
    1126.040    
    1194.782    
    839.6824    
    604.1593    
    844.5045    
    1149.981    
    1185.381    
    1057.171    
    1062.247    
    1216.833    

    489.9265    
    554.5663    
    467.1309    
    283.0525    
    97.02689    
    16.16681    
    19.34093    
    30.62986    
    34.64739    
    32.75328    
    50.67413    
    163.1161    
    379.4901    
    547.4055    
    593.1268    
    662.5521    
    805.7632    
    1008.950    
    1292.104    
    1512.911    
    1651.636    
    1708.293    
    1545.794    
    1205.625    
    1106.623    
    1373.470    
    1353.821    
    897.9919    
    639.6494    
    860.1545    
    1135.927    
    1169.100    
    1084.264    
    1105.878    
    1290.983    

    570.8994    
    583.4371    
    431.0395    
    217.1735    
    73.84698    
    17.73769    
    17.77796    
    39.64657    
    44.37361    
    39.95357    
    120.9491    
    256.6705    
    469.1873    
    806.2343    
    920.3604    
    874.0560    
    977.6129    
    1092.000    
    1192.085    
    1345.484    
    1570.267    
    1681.376    
    1585.590    
    1415.387    
    1366.791    
    1556.504    
    1494.915    
    1006.150    
    655.2224    
    768.5530    
    1061.734    
    1199.281    
    1141.162    
    1108.270    
    1297.713    

    521.0610    
    490.7482    
    320.9778    
    137.3513    
    68.56630    
    32.70309    
    13.03154    
    18.74332    
    20.51395    
    25.72374    
    112.7943    
    254.5420    
    486.9344    
    965.1726    
    1236.328    
    1122.499    
    1175.836    
    1296.617    
    1205.085    
    1217.351    
    1496.278    
    1723.162    
    1769.459    
    1721.610    
    1655.089    
    1691.812    
    1556.005    
    1072.071    
    674.0734    
    756.6581    
    1099.015    
    1260.695    
    1181.740    
    1085.869    
    1227.067    

    566.8968    
    514.5849    
    307.1671    
    104.9197    
    46.79649    
    27.23775    
    6.828900    
    1.979692    
    9.074091    
    24.70571    
    55.87724    
    154.6011    
    411.9345    
    860.5408    
    1208.358    
    1285.727    
    1361.649    
    1440.832    
    1308.786    
    1254.061    
    1508.845    
    1728.356    
    1822.937    
    1908.112    
    1916.818    
    1848.368    
    1551.304    
    1019.444    
    693.8610    
    816.0581    
    1120.559    
    1215.554    
    1121.016    
    1027.973    
    1109.633    

    647.9265    
    498.9644    
    235.8006    
    51.88312    
    10.31096    
    6.505468    
    1.197937    
    2.595687    
    17.89461    
    41.44704    
    44.55247    
    73.12930    
    271.7568    
    653.3647    
    1017.775    
    1240.942    
    1370.450    
    1412.803    
    1323.575    
    1336.126    
    1546.636    
    1651.652    
    1715.356    
    1898.457    
    1993.408    
    1942.762    
    1613.416    
    986.5531    
    686.6208    
    882.8223    
    1107.723    
    1107.253    
    1035.791    
    1000.635    
    1026.550    

    553.3752    
    304.1066    
    89.58237    
    8.653535    
   0.6899697    
   0.6667677    
    3.400839    
    11.32054    
    21.94063    
    40.80997    
    61.10712    
    92.88637    
    169.0450    
    318.3596    
    619.5083    
    1001.143    
    1262.622    
    1317.385    
    1276.008    
    1390.268    
    1562.468    
    1571.021    
    1612.883    
    1792.817    
    1849.384    
    1750.118    
    1498.810    
    984.0076    
    766.7338    
    1077.493    
    1215.861    
    1075.137    
    1049.541    
    1052.475    
    1011.625    

    344.1112    
    134.2341    
    18.82327    
   0.6899697    
   0.6899697    
   0.6667677    
    5.079410    
    28.66325    
    48.71744    
    88.50943    
    160.9857    
    248.3098    
    315.2698    
    245.2130    
    300.7159    
    730.4489    
    1144.341    
    1261.104    
    1297.755    
    1454.526    
    1581.771    
    1511.974    
    1506.779    
    1670.575    
    1656.704    
    1450.877    
    1248.597    
    951.0598    
    889.6277    
    1297.184    
    1406.959    
    1147.957    
    1128.284    
    1166.865    
    1086.266    

    120.8476    
    43.68119    
    4.841149    
    2.781638    
    8.597182    
    54.44447    
    153.1857    
    212.7933    
    224.1209    
    298.1813    
    379.1811    
    460.2022    
    591.4502    
    495.9014    
    341.5068    
    576.7500    
    903.7693    
    1093.247    
    1311.593    
    1520.793    
    1585.470    
    1423.225    
    1307.213    
    1417.717    
    1467.156    
    1399.412    
    1233.721    
    956.5607    
    990.0458    
    1390.172    
    1472.500    
    1213.228    
    1215.455    
    1323.654    
    1230.153    

    9.201523    
    4.012077    
    51.74458    
    139.3678    
    119.4443    
    193.7958    
    491.4486    
    599.8915    
    554.9105    
    607.7914    
    620.0302    
    653.6995    
    790.0664    
    675.3180    
    489.6570    
    651.2157    
    793.5057    
    924.9734    
    1240.491    
    1474.211    
    1487.324    
    1270.705    
    1091.932    
    1202.320    
    1426.000    
    1544.055    
    1316.197    
    956.9356    
    1077.301    
    1400.819    
    1385.957    
    1215.584    
    1306.630    
    1448.132    
    1324.160    

    51.25121    
    64.11419    
    219.1207    
    451.6465    
    426.0402    
    404.6174    
    707.3360    
    893.1669    
    847.2242    
    824.6208    
    869.2179    
    931.2551    
    945.0139    
    714.1472    
    576.5002    
    834.4158    
    934.1849    
    978.7281    
    1247.541    
    1401.759    
    1353.137    
    1195.427    
    1092.043    
    1260.602    
    1551.633    
    1594.042    
    1207.970    
    875.8224    
    1136.552    
    1421.129    
    1307.500    
    1171.206    
    1320.130    
    1519.525    
    1418.131    

    90.91102    
    166.0361    
    417.2351    
    688.1663    
    742.1541    
    670.4294    
    727.3904    
    963.6688    
    1057.067    
    1012.134    
    1147.247    
    1163.663    
    983.4162    
    790.8632    
    780.4386    
    1012.731    
    1048.886    
    1079.384    
    1339.479    
    1410.097    
    1294.490    
    1235.613    
    1236.340    
    1350.470    
    1525.961    
    1446.136    
    1021.656    
    836.0408    
    1233.189    
    1498.038    
    1357.410    
    1232.483    
    1310.199    
    1541.676    
    1562.829    

    123.1077    
    237.6196    
    566.8811    
    832.2108    
    949.4785    
    884.4473    
    751.4640    
    1008.717    
    1278.462    
    1301.369    
    1323.969    
    1132.699    
    973.1771    
    1051.061    
    1133.886    
    1180.966    
    1074.158    
    1103.817    
    1369.291    
    1400.898    
    1255.515    
    1223.024    
    1307.610    
    1403.145    
    1462.470    
    1339.262    
    972.9142    
    805.1564    
    1093.861    
    1347.773    
    1377.337    
    1402.296    
    1393.282    
    1510.195    
    1641.945    

    307.3443    
    366.3121    
    701.6128    
    1028.137    
    1138.038    
    965.1754    
    865.9195    
    1232.267    
    1519.031    
    1505.730    
    1296.182    
    1085.815    
    1173.125    
    1285.772    
    1289.438    
    1223.958    
    1069.443    
    1153.094    
    1335.770    
    1299.106    
    1206.672    
    1179.009    
    1286.031    
    1465.731    
    1536.704    
    1410.002    
    1122.425    
    822.2264    
    758.2914    
    997.0338    
    1292.297    
    1507.883    
    1532.045    
    1527.223    
    1661.111    

    604.2613    
    574.7131    
    750.9146    
    1147.033    
    1288.043    
    1031.980    
    1005.680    
    1405.870    
    1640.452    
    1499.937    
    1206.298    
    1229.763    
    1475.037    
    1449.675    
    1343.856    
    1208.711    
    1106.698    
    1299.803    
    1347.582    
    1173.162    
    1134.120    
    1151.314    
    1209.324    
    1373.705    
    1490.754    
    1477.677    
    1374.150    
    1046.273    
    730.3380    
    914.3187    
    1319.998    
    1601.721    
    1670.003    
    1592.849    
    1631.325    

    813.8787    
    740.0480    
    709.9973    
    1088.270    
    1328.280    
    1179.189    
    1134.542    
    1354.257    
    1597.082    
    1456.946    
    1210.391    
    1417.685    
    1680.901    
    1707.913    
    1619.434    
    1352.024    
    1234.176    
    1421.796    
    1368.871    
    1095.385    
    1019.859    
    1056.731    
    1076.628    
    1152.429    
    1262.079    
    1401.285    
    1502.929    
    1226.098    
    830.0835    
    951.9092    
    1317.440    
    1555.194    
    1625.368    
    1530.589    
    1522.987    

    939.4584    
    897.2852    
    834.7114    
    1074.530    
    1292.511    
    1333.870    
    1323.091    
    1319.788    
    1416.660    
    1336.209    
    1243.501    
    1543.858    
    1739.721    
    1757.440    
    1712.918    
    1395.084    
    1210.253    
    1281.389    
    1226.797    
    1080.913    
    1051.466    
    1063.797    
    1021.766    
    1027.276    
    1094.563    
    1264.419    
    1471.072    
    1264.836    
    809.5747    
    801.7450    
    1065.201    
    1203.554    
    1266.434    
    1271.274    
    1400.460    

    1086.609    
    1149.181    
    1210.780    
    1267.788    
    1350.616    
    1541.006    
    1599.549    
    1406.091    
    1171.433    
    1138.987    
    1336.118    
    1670.248    
    1783.063    
    1717.273    
    1595.605    
    1251.350    
    1029.445    
    1019.413    
    1103.724    
    1217.004    
    1258.261    
    1262.828    
    1155.248    
    1080.603    
    1122.927    
    1212.285    
    1386.281    
    1312.688    
    867.2300    
    704.5721    
    903.2071    
    944.8167    
    930.9807    
    1046.152    
    1309.523    

    1145.800    
    1371.247    
    1558.558    
    1481.266    
    1479.248    
    1732.015    
    1699.793    
    1381.078    
    1127.451    
    1160.433    
    1449.439    
    1738.512    
    1865.881    
    1860.045    
    1604.188    
    1233.235    
    1061.138    
    995.4724    
    1184.051    
    1384.461    
    1365.139    
    1397.484    
    1297.565    
    1139.167    
    1196.943    
    1238.254    
    1234.939    
    1233.392    
    960.9816    
    760.3063    
    918.9788    
    939.2816    
    923.1337    
    1110.970    
    1322.133    

    1047.540    
    1360.803    
    1676.306    
    1660.796    
    1559.379    
    1625.968    
    1481.259    
    1324.006    
    1390.133    
    1365.665    
    1409.271    
    1646.696    
    1826.750    
    1788.987    
    1485.708    
    1316.660    
    1233.918    
    1077.647    
    1272.321    
    1429.458    
    1350.951    
    1379.920    
    1279.504    
    1081.261    
    1091.538    
    1125.063    
    1071.963    
    1102.656    
    1019.915    
    803.7612    
    816.3792    
    878.3834    
    986.6558    
    1253.589    
    1414.300    

    1130.862    
    1301.479    
    1630.735    
    1731.412    
    1551.296    
    1478.262    
    1508.059    
    1589.365    
    1713.657    
    1659.666    
    1522.901    
    1497.897    
    1550.363    
    1418.936    
    1254.619    
    1411.342    
    1316.584    
    1025.024    
    1177.883    
    1293.020    
    1185.300    
    1130.284    
    1007.468    
    884.4095    
    872.5980    
    894.2560    
    957.7542    
    1122.749    
    1116.254    
    809.7714    
    774.5765    
    942.8309    
    999.8181    
    1226.295    
    1474.068    

