   0.8683514    
    22.18820    
    50.86628    
    47.14717    
    37.24997    
    30.24799    
    44.44323    
    89.35194    
    112.9454    
    111.1737    
    61.78581    
    7.164805    
    0.000000    
   4.5538093E-03
    0.000000    
    0.000000    
    0.000000    
   0.8487799    
    2.160355    
    2.574898    
    2.824659    
    26.50491    
    64.26286    
    95.50567    
    129.0389    
    175.6687    
    164.2664    
    116.2508    
    144.6352    
    204.3553    
    200.6208    
    170.0433    
    193.0477    
    296.4372    
    385.0652    
    408.8881    
    438.4428    
    409.0827    
    329.9006    
    331.2684    
    407.2094    
    370.0778    
    352.3840    
    532.9205    
    766.2387    
    883.4523    
    901.0507    
    804.9938    
    908.1342    
    1105.701    
    1092.089    
    1011.039    

    0.000000    
    10.94405    
    27.07044    
    25.66365    
    31.92518    
    49.48494    
    75.24289    
    107.5256    
    114.5731    
    71.26010    
    14.06804    
    0.000000    
   2.1596856E-02
    0.000000    
   8.7072499E-02
   0.3343760    
    1.107596    
    2.465033    
    3.113050    
    3.064263    
   0.9349939    
    14.76117    
    45.79607    
    95.61282    
    150.4429    
    227.4289    
    279.7701    
    170.3381    
    104.2182    
    163.4385    
    179.5959    
    212.9895    
    237.3782    
    214.6490    
    240.0934    
    298.3378    
    349.8129    
    354.8981    
    343.5279    
    425.5905    
    477.1166    
    362.4837    
    406.1324    
    642.2424    
    875.8106    
    934.0609    
    907.6469    
    986.6331    
    1052.577    
    1027.358    
    844.9401    
    886.6579    

    0.000000    
    1.682616    
    7.039223    
    10.26904    
    16.83589    
    33.74071    
    54.04406    
    70.01742    
    63.43515    
    23.42995    
    0.000000    
    0.000000    
   6.4028516E-02
    0.000000    
   0.5174969    
    1.425919    
    2.476183    
    3.149235    
    3.010674    
    2.999215    
    2.626359    
    1.671574    
    36.00990    
    128.9689    
    256.5111    
    344.4967    
    349.5390    
    250.6397    
    107.7468    
    145.2261    
    235.8369    
    323.8907    
    395.0305    
    369.7184    
    341.6529    
    315.6518    
    304.5268    
    310.1825    
    353.0457    
    413.7938    
    422.7632    
    349.9003    
    449.2716    
    609.6478    
    685.9603    
    725.1926    
    803.5248    
    986.3176    
    1081.832    
    955.7779    
    722.3370    
    820.4120    

   2.6412018E-02
    0.000000    
    1.700821    
    11.37864    
    29.41369    
    35.46585    
    30.08334    
    22.54510    
    4.914311    
    0.000000    
    2.982802    
    2.954264    
    0.000000    
   0.2472220    
    2.333195    
    4.452137    
    3.569797    
    2.620748    
    2.993250    
    3.003824    
    3.020180    
    0.000000    
    37.08629    
    169.8585    
    348.6399    
    387.3592    
    308.1283    
    202.4969    
    89.61141    
    142.3656    
    239.6138    
    389.7537    
    546.4112    
    556.9389    
    500.8434    
    433.4367    
    421.1644    
    398.6731    
    367.9145    
    364.6333    
    381.2347    
    399.5082    
    440.0865    
    476.9649    
    495.8800    
    534.9175    
    658.6169    
    839.2152    
    923.6212    
    819.3967    
    665.1492    
    713.2664    

   1.2576525E-03
    0.000000    
    0.000000    
    17.52821    
    55.57429    
    79.83224    
    85.41098    
    37.38524    
    0.000000    
    0.000000    
    9.672630    
    11.37767    
   0.5297282    
    4.631428    
    12.38528    
    14.59965    
    7.585435    
    1.783652    
    2.685534    
    3.038144    
    3.026797    
    0.000000    
    17.75228    
    148.6380    
    319.8190    
    329.1028    
    209.2753    
    83.25698    
    73.25922    
    114.9264    
    171.9739    
    397.7787    
    654.8721    
    711.5073    
    649.9374    
    639.5262    
    655.7430    
    616.2570    
    542.6977    
    515.4626    
    526.3570    
    602.7651    
    617.9167    
    543.6345    
    729.1520    
    696.0711    
    495.3836    
    625.4665    
    703.9152    
    697.4387    
    802.0586    
    919.0575    

    0.000000    
    0.000000    
    0.000000    
    15.21415    
    53.74269    
    94.50894    
    107.3135    
    44.67643    
    0.000000    
    0.000000    
    23.07931    
    30.10614    
    4.361879    
    4.542301    
    17.17123    
    18.95839    
    6.915882    
    2.187246    
    2.722623    
    3.030464    
    2.875826    
   0.9626918    
    21.90973    
    114.1219    
    198.9966    
    186.5722    
    96.51186    
    54.85248    
    87.68534    
    107.9258    
    213.0354    
    445.8767    
    692.2007    
    834.9813    
    843.5058    
    873.2356    
    921.8343    
    863.1411    
    792.5082    
    779.0386    
    757.4915    
    784.8145    
    748.8228    
    628.7435    
    925.0796    
    1016.588    
    624.0963    
    511.7755    
    543.8342    
    637.7853    
    847.9061    
    1024.987    

    0.000000    
    0.000000    
    0.000000    
    8.697482    
    27.01883    
    67.83051    
    73.31986    
    20.05881    
    0.000000    
    0.000000    
    38.54968    
    54.39007    
    13.57078    
   0.4484065    
    7.753175    
    8.752939    
    2.930969    
    2.974366    
    3.031253    
    2.996586    
    2.144512    
    4.407183    
    60.04020    
    115.5288    
    130.7500    
    123.7844    
    66.01041    
    59.98792    
    87.97263    
    105.5310    
    262.9975    
    535.6747    
    729.4118    
    869.9441    
    956.4081    
    1017.125    
    1041.759    
    989.8759    
    976.6401    
    902.8737    
    760.0287    
    669.1075    
    639.0701    
    713.8618    
    927.1545    
    991.5463    
    725.5695    
    603.6404    
    711.0133    
    671.7969    
    607.2498    
    688.1992    

    0.000000    
   4.8035257E-02
    0.000000    
    6.694408    
    16.54697    
    29.35115    
    27.75727    
    5.939115    
    0.000000    
    8.298102    
    53.89055    
    68.72887    
    23.34398    
   0.2709537    
    2.564605    
    2.442966    
    2.940215    
    3.012168    
    3.003379    
    2.974944    
    1.417707    
    10.36261    
    64.21041    
    116.7713    
    121.9815    
    98.36956    
    62.41091    
    56.70093    
    65.31214    
    124.0509    
    324.1903    
    607.9625    
    826.8969    
    963.8625    
    1037.079    
    999.1297    
    918.9579    
    943.3326    
    951.3434    
    804.7230    
    600.9976    
    557.3725    
    790.7728    
    968.2745    
    898.9393    
    769.7769    
    720.2975    
    857.1463    
    933.4657    
    875.8293    
    830.3427    
    696.6723    

    0.000000    
    0.000000    
    0.000000    
    33.82301    
    58.67384    
    28.11034    
    5.663487    
   0.1842007    
    0.000000    
    26.41946    
    72.38617    
    63.40483    
    18.47044    
   0.7490739    
    2.979950    
    2.979952    
    3.002228    
    3.002763    
    2.955920    
    3.106571    
    2.039819    
    13.37442    
    42.15017    
    86.46938    
    99.20398    
    59.91050    
    52.73706    
    62.55608    
    52.73121    
    151.6181    
    404.4164    
    744.8283    
    1001.226    
    1065.805    
    1067.021    
    976.0826    
    803.0151    
    788.8676    
    779.7460    
    628.9200    
    505.5978    
    650.4526    
    1038.747    
    1077.782    
    806.1205    
    732.7726    
    905.1172    
    1107.600    
    1015.183    
    1048.465    
    1181.311    
    1080.521    

    0.000000    
    0.000000    
    25.97160    
    95.33295    
    95.60461    
    37.06650    
    30.44314    
    19.29730    
    0.000000    
    34.82586    
    75.38476    
    43.63602    
    6.083348    
    2.215206    
    3.010547    
    2.875552    
    2.781297    
    2.826355    
    2.942227    
    4.056100    
    4.289307    
    11.95268    
    30.73179    
    49.12770    
    48.31784    
    46.22301    
    58.17781    
    57.95083    
    69.53126    
    180.5692    
    463.9125    
    844.4444    
    1065.070    
    987.9207    
    969.4614    
    1057.276    
    898.9785    
    682.8951    
    595.7692    
    469.1591    
    475.5793    
    782.8062    
    1056.632    
    996.8579    
    841.0876    
    956.2843    
    1060.282    
    1024.587    
    1048.034    
    1175.906    
    1127.159    
    1036.045    

    0.000000    
    0.000000    
    24.46378    
    97.32833    
    94.33198    
    30.51875    
    41.07282    
    49.43663    
    8.870036    
    22.25921    
    49.83073    
    22.36920    
    1.210950    
    2.921566    
    2.798584    
    3.249335    
    3.731087    
    3.167099    
    3.543402    
    5.274393    
    5.883482    
    7.596939    
    20.81578    
    31.63274    
    20.13301    
    34.72348    
    57.44787    
    51.47136    
    105.0502    
    222.0762    
    452.0503    
    807.1822    
    955.7451    
    853.7899    
    868.7380    
    1012.282    
    1004.373    
    762.2879    
    468.1317    
    353.5454    
    561.0759    
    894.8545    
    1018.646    
    1036.543    
    1029.757    
    1098.747    
    1086.075    
    844.0634    
    955.2171    
    1182.925    
    1138.764    
    1032.384    

    3.320987    
    3.430316    
    0.000000    
    42.65143    
    94.57369    
    112.8529    
    106.8444    
    64.35815    
    35.20683    
    28.22690    
    24.60574    
    8.051883    
   0.7298669    
    1.819090    
    3.378546    
    10.27549    
    13.99491    
    12.54078    
    11.07544    
    7.538281    
    5.792344    
    5.026878    
    12.28654    
    22.46853    
    17.71388    
    29.47348    
    52.51027    
    48.73157    
    110.7105    
    203.8224    
    398.6147    
    713.5089    
    732.3456    
    656.5834    
    696.9839    
    820.9025    
    962.2596    
    731.8151    
    301.8427    
    340.7874    
    730.2228    
    918.0128    
    998.4931    
    1130.602    
    1068.638    
    1043.694    
    1116.771    
    899.2711    
    808.6885    
    992.8456    
    1171.112    
    1179.935    

    4.654209    
    4.491282    
    0.000000    
    23.54732    
    99.87383    
    198.6027    
    190.3574    
    64.39555    
    23.11354    
    32.27148    
    11.56793    
    1.757848    
   1.2831183E-02
    0.000000    
    7.011327    
    23.42937    
    30.23722    
    30.44181    
    26.15607    
    12.84534    
    5.009609    
    7.113724    
    8.754342    
    11.40129    
    12.48337    
    20.80499    
    46.81803    
    99.47406    
    153.2099    
    172.3517    
    277.0591    
    404.9059    
    367.2993    
    349.2827    
    403.6360    
    543.8597    
    713.6932    
    497.9552    
    215.3749    
    452.1214    
    817.5627    
    872.2419    
    991.9956    
    1147.502    
    963.5378    
    1044.675    
    1100.858    
    967.8868    
    826.8148    
    759.4406    
    970.0632    
    1025.871    

    18.82958    
    23.79497    
    0.000000    
    46.38467    
    113.2695    
    151.3008    
    139.2990    
    38.28296    
    18.28404    
    28.36821    
   0.4833144    
    0.000000    
    0.000000    
    1.122416    
    16.87114    
    35.63557    
    41.69683    
    36.61652    
    23.07025    
    10.31696    
    3.967213    
    19.38813    
    27.31326    
    13.37601    
    9.164300    
    10.72254    
    29.68615    
    108.4240    
    150.5367    
    121.4259    
    110.0677    
    111.4373    
    106.8305    
    112.6945    
    141.9128    
    194.9848    
    273.0800    
    198.3130    
    229.9534    
    467.8283    
    807.0995    
    881.3984    
    953.5131    
    1198.834    
    938.7922    
    936.2761    
    963.6848    
    868.2042    
    780.8272    
    566.2787    
    698.6959    
    726.4521    

    15.92178    
    22.92279    
    8.483448    
    80.09775    
    127.2894    
    91.07175    
    52.35233    
    7.382048    
    22.26982    
    25.28353    
    0.000000    
    0.000000    
    0.000000    
    10.25565    
    34.53013    
    51.67150    
    49.50452    
    26.10259    
    7.552763    
    5.142560    
    4.615221    
    17.47265    
    34.04070    
    22.15756    
    9.757985    
    10.52095    
    16.92803    
    40.13526    
    48.53382    
    38.65772    
    32.62172    
    26.12996    
    31.96360    
    41.43297    
    44.78510    
    44.51792    
    41.07991    
    37.62985    
    122.1542    
    321.2334    
    642.2145    
    752.0023    
    837.3935    
    1001.567    
    756.0399    
    591.0527    
    561.1311    
    490.3305    
    438.1250    
    384.0050    
    422.7755    
    344.6716    

    0.000000    
    2.109078    
    13.71066    
    60.75056    
    92.39278    
    59.52022    
    17.69306    
    0.000000    
    5.454005    
    5.431954    
    0.000000    
   1.3495333E-02
    0.000000    
    16.46164    
    40.19968    
    52.63762    
    40.83695    
    11.39747    
    4.617938    
    5.843585    
    5.847130    
    7.291921    
    19.14458    
    19.95960    
    10.69831    
    9.519684    
    19.72791    
    28.79792    
    24.34396    
    23.08910    
    25.91814    
    26.48027    
    28.53856    
    32.35657    
    36.03997    
    41.42321    
    43.70672    
    45.71964    
    36.17740    
    134.5782    
    258.9781    
    341.4493    
    438.5495    
    409.7116    
    297.6592    
    216.5166    
    156.2272    
    144.9514    
    159.6583    
    169.9146    
    177.7371    
    172.5170    

    0.000000    
    2.424637    
    2.274525    
    10.08331    
    30.38361    
    30.46238    
    10.68482    
    0.000000    
    0.000000    
    0.000000    
   6.0884483E-02
   3.5502762E-03
    0.000000    
    9.577000    
    19.39319    
    22.69444    
    15.35820    
    4.219663    
    5.611307    
    6.241665    
    8.540121    
    9.728428    
    10.43893    
    9.887187    
    12.39025    
    18.63619    
    34.60931    
    47.95547    
    42.47501    
    38.95594    
    41.48230    
    39.79019    
    36.18557    
    36.84230    
    35.27280    
    32.22821    
    33.37198    
    36.82739    
    35.98011    
    34.59039    
    45.10980    
    71.57943    
    70.79668    
    48.10519    
    46.34077    
    46.53986    
    47.33953    
    64.94339    
    72.97602    
    49.51134    
    113.2697    
    208.6968    

    0.000000    
    0.000000    
    0.000000    
    0.000000    
    4.043022    
    8.937536    
    2.719761    
   0.3160320    
    0.000000    
   0.2515259    
   0.2476816    
    0.000000    
    0.000000    
    1.469622    
    3.068006    
    2.414930    
    2.331691    
    3.860330    
    6.268949    
    11.51637    
    15.23951    
    23.32851    
    29.21010    
    24.17077    
    33.10558    
    56.48064    
    67.70898    
    61.43248    
    51.99718    
    51.20810    
    59.35316    
    61.45639    
    60.89882    
    71.80773    
    64.84615    
    53.20200    
    52.38750    
    46.03780    
    43.96178    
    42.84085    
    52.80738    
    63.31786    
    63.72636    
    73.36742    
    79.67699    
    71.71496    
    60.72531    
    54.01331    
    53.59764    
    46.97422    
    94.70209    
    141.4490    

    3.925925    
    9.220498    
    4.160490    
    0.000000    
    14.49422    
    21.75994    
    9.022293    
    24.65075    
    18.98933    
    0.000000    
   0.2498090    
    0.000000    
   0.2041690    
    1.681157    
    2.913272    
    2.855461    
    2.754664    
    2.866592    
    12.92415    
    31.92950    
    36.33352    
    47.56332    
    57.23725    
    101.8423    
    119.0592    
    93.83737    
    98.39748    
    81.09731    
    61.10867    
    68.86069    
    112.1494    
    160.3928    
    156.2118    
    169.6550    
    191.8438    
    161.8475    
    122.1080    
    92.64647    
    87.79403    
    81.95461    
    87.53166    
    102.5501    
    101.3382    
    119.0754    
    142.5027    
    154.1030    
    130.4676    
    88.35991    
    85.77567    
    115.1943    
    132.4429    
    118.6982    

    86.28066    
    76.78148    
    0.000000    
    0.000000    
    18.19819    
    37.25310    
    33.55539    
    34.58056    
    15.86853    
    0.000000    
    0.000000    
    0.000000    
   0.8365811    
    2.334117    
    2.541353    
    2.741453    
    2.728560    
    2.719133    
    25.21284    
    62.70115    
    67.72208    
    55.79487    
    52.63084    
    97.09402    
    118.2514    
    101.1884    
    111.5958    
    105.5094    
    87.48747    
    152.8135    
    330.0350    
    439.6804    
    400.1617    
    439.5452    
    541.4999    
    516.7134    
    339.4156    
    190.1104    
    182.0246    
    177.7347    
    182.7155    
    198.4955    
    185.3314    
    191.2242    
    216.3309    
    249.3418    
    261.1763    
    233.1606    
    218.1065    
    221.3592    
    235.0900    
    248.9067    

    164.4949    
    232.3476    
    53.98199    
    0.000000    
    13.90100    
    29.49371    
    24.03702    
    7.400408    
    0.000000    
   0.1575710    
    0.000000    
   6.8170555E-02
   0.8951650    
    1.252810    
   0.8509234    
    1.928021    
    1.616187    
    11.66260    
    44.62295    
    80.61321    
    86.40730    
    65.56623    
    52.98179    
    45.51860    
    57.98195    
    82.19115    
    88.91166    
    100.8498    
    135.4991    
    290.0149    
    607.7621    
    782.5029    
    768.6617    
    842.1531    
    910.5573    
    792.7435    
    453.4774    
    253.0768    
    326.6697    
    357.1398    
    332.3313    
    332.5952    
    351.9926    
    330.7769    
    304.3571    
    343.9193    
    424.2727    
    477.1913    
    461.0724    
    372.2074    
    365.6072    
    371.7430    

    223.2414    
    294.7493    
    108.0907    
    0.000000    
    12.78659    
    17.39111    
   0.6534331    
    0.000000    
   7.8562774E-02
   0.2567331    
   0.5542561    
   0.4165614    
   0.3262208    
   7.2549477E-02
    0.000000    
   1.7129997E-02
    4.224435    
    27.90757    
    55.09814    
    73.16211    
    86.17479    
    77.57621    
    68.16348    
    61.55247    
    57.96126    
    62.12452    
    59.58809    
    73.64388    
    238.1739    
    494.5604    
    788.0104    
    992.6935    
    1044.812    
    1049.406    
    915.0470    
    631.0201    
    334.5926    
    343.6703    
    558.7594    
    654.5945    
    616.7822    
    631.4922    
    702.1771    
    642.4897    
    583.5327    
    619.9607    
    697.7511    
    778.8268    
    784.6961    
    652.0629    
    708.2484    
    658.4093    

    237.3565    
    191.6476    
    29.79298    
    0.000000    
    5.698377    
    5.441351    
    0.000000    
   5.2613020E-02
    0.000000    
   0.2824143    
   0.5805854    
   0.2310966    
    0.000000    
    0.000000    
    0.000000    
    0.000000    
    1.571157    
    39.81610    
    92.64012    
    96.76944    
    81.39017    
    68.55293    
    75.85675    
    77.55315    
    66.14745    
    82.31967    
    71.47263    
    67.49686    
    269.6468    
    560.4046    
    891.6835    
    1101.208    
    1004.427    
    864.2960    
    635.2043    
    370.5015    
    273.5753    
    347.7906    
    494.1443    
    627.2253    
    679.1977    
    775.6141    
    858.1675    
    768.0908    
    710.0690    
    770.3933    
    917.4806    
    1047.058    
    1128.935    
    978.5560    
    1024.793    
    858.6947    

    122.1177    
    90.78831    
    0.000000    
    0.000000    
    0.000000    
    0.000000    
    0.000000    
    0.000000    
   0.1147636    
    0.000000    
    0.000000    
    0.000000    
   1.3913020E-03
    0.000000    
   0.1458193    
    0.000000    
    19.66297    
    84.47334    
    161.0642    
    170.7182    
    114.6778    
    75.00945    
    90.21199    
    170.9792    
    221.1477    
    238.5271    
    172.0392    
    85.09930    
    226.1476    
    531.6765    
    951.1635    
    1128.383    
    899.5922    
    628.9860    
    368.8824    
    219.9777    
    265.0054    
    316.4583    
    336.2364    
    377.1046    
    415.9106    
    513.3969    
    582.6206    
    530.6061    
    499.1389    
    589.6888    
    806.2482    
    1004.643    
    1202.870    
    1174.220    
    1166.057    
    855.8673    

    21.12541    
    22.18257    
    7.478667    
    10.85224    
    0.000000    
    0.000000    
    9.202583    
    9.202412    
    0.000000    
    0.000000    
    0.000000    
   2.8113133E-04
    0.000000    
   0.7677639    
    0.000000    
    0.000000    
    139.0673    
    308.2617    
    279.5688    
    205.0108    
    133.7832    
    88.11778    
    132.6559    
    302.4253    
    449.5758    
    517.0672    
    393.4085    
    137.7809    
    187.6252    
    516.7519    
    958.3187    
    1077.464    
    797.5560    
    460.8200    
    215.4549    
    222.9570    
    394.1270    
    574.0344    
    672.8052    
    636.8231    
    558.5254    
    498.0063    
    495.2343    
    575.7423    
    628.0845    
    606.9621    
    630.8600    
    821.3900    
    1082.318    
    1200.757    
    1195.382    
    834.2265    

    0.000000    
    0.000000    
    13.89578    
    13.08572    
    0.000000    
    0.000000    
    9.241451    
    9.241980    
    0.000000    
    0.000000    
    0.000000    
    0.000000    
   0.4501161    
    0.000000    
    36.16338    
    69.24361    
    241.0562    
    516.2635    
    426.2961    
    191.7965    
    112.5408    
    101.6958    
    146.0672    
    337.2742    
    554.0058    
    736.8297    
    648.5120    
    240.3071    
    164.4563    
    497.3575    
    924.2537    
    958.2036    
    590.1144    
    269.4836    
    208.3289    
    404.3481    
    646.7280    
    882.7465    
    1035.540    
    1079.921    
    967.9815    
    708.2829    
    717.0383    
    971.9412    
    1066.397    
    938.1841    
    680.8858    
    737.9516    
    1050.541    
    1153.155    
    1212.906    
    977.5258    

    0.000000    
    1.343118    
    2.396819    
   0.7034972    
   0.1088092    
    0.000000    
    0.000000    
    0.000000    
   0.1032135    
   1.2122449E-03
    0.000000    
   7.5625591E-02
    0.000000    
    2.160125    
    210.6048    
    277.1556    
    256.8876    
    476.8405    
    395.1789    
    148.8185    
    129.1936    
    147.5303    
    129.3734    
    272.1986    
    527.3217    
    815.3649    
    786.9434    
    335.9045    
    154.1679    
    442.0739    
    849.8763    
    896.4573    
    515.8391    
    197.1786    
    274.8340    
    534.6107    
    732.8626    
    935.4822    
    1077.868    
    1154.661    
    1010.175    
    813.8399    
    974.6855    
    1253.621    
    1289.903    
    1172.931    
    805.5544    
    730.6698    
    1084.799    
    1085.978    
    1181.496    
    1188.789    

   0.1259423    
    0.000000    
    0.000000    
    1.113397    
    0.000000    
    7.239355    
    20.40398    
    0.000000    
   9.6583880E-02
    0.000000    
   7.4194307E-03
    0.000000    
    0.000000    
    108.4062    
    376.4493    
    361.2464    
    254.9440    
    322.0832    
    234.0571    
    109.2396    
    212.2503    
    224.2189    
    144.6723    
    201.7196    
    362.3613    
    663.4267    
    721.1896    
    367.6146    
    112.8716    
    238.3313    
    564.7429    
    739.4667    
    507.8919    
    241.5159    
    291.4864    
    537.0223    
    820.0937    
    1026.559    
    1135.716    
    1100.718    
    910.2597    
    932.9101    
    1263.844    
    1341.481    
    1202.256    
    1125.542    
    802.0884    
    686.3438    
    908.4842    
    891.9142    
    984.5557    
    1182.127    

    0.000000    
   1.2650358E-04
   0.7174354    
    0.000000    
    82.32858    
    159.4075    
    52.24769    
    0.000000    
   0.1137274    
    0.000000    
    0.000000    
    0.000000    
    10.59630    
    165.9470    
    344.9886    
    319.1698    
    211.8823    
    180.3562    
    141.9046    
    116.6162    
    331.3981    
    310.5965    
    146.5218    
    185.0532    
    202.0711    
    325.1029    
    417.5470    
    272.3989    
    99.19983    
    120.6487    
    308.2971    
    424.3488    
    321.6788    
    259.7381    
    330.2196    
    543.0410    
    947.9882    
    1132.059    
    1149.074    
    1063.540    
    920.2089    
    1148.821    
    1444.199    
    1315.845    
    1065.321    
    901.5298    
    701.7302    
    804.5118    
    985.7775    
    917.9963    
    989.2430    
    1092.943    

    0.000000    
   0.1758828    
    0.000000    
    25.32652    
    247.4143    
    242.0150    
    22.20785    
    0.000000    
   4.3070558E-03
    0.000000    
    0.000000    
    0.000000    
    6.073530    
    157.9053    
    352.3059    
    405.6409    
    269.2248    
    154.0914    
    151.2906    
    225.3638    
    492.8773    
    464.5285    
    190.8429    
    141.1090    
    123.8559    
    149.1836    
    258.3774    
    300.8149    
    190.4589    
    102.5591    
    183.3046    
    219.3582    
    172.9784    
    242.5439    
    391.7892    
    608.4075    
    885.4982    
    1028.365    
    999.3406    
    982.3771    
    1020.117    
    1314.150    
    1483.770    
    1139.095    
    893.4110    
    740.3505    
    750.4877    
    1121.514    
    1388.680    
    1287.031    
    1116.879    
    921.5618    

   0.1101600    
    0.000000    
    0.000000    
    139.0535    
    238.6723    
    90.12249    
    0.000000    
    0.000000    
    0.000000    
   1.8822138E-04
   4.2599440E-02
    0.000000    
    0.000000    
    195.3097    
    395.4434    
    334.9425    
    225.4328    
    154.2811    
    206.2033    
    423.4428    
    614.8682    
    567.2635    
    287.6790    
    81.40453    
    134.9644    
    311.1853    
    515.2202    
    539.2742    
    316.6729    
    115.3414    
    89.20750    
    156.5956    
    276.2139    
    303.3547    
    373.1374    
    573.3488    
    657.9891    
    760.5382    
    797.5180    
    954.8170    
    1289.372    
    1540.699    
    1460.777    
    1010.145    
    818.3519    
    737.6377    
    856.3281    
    1125.026    
    1285.475    
    1241.149    
    985.7639    
    835.4732    

   7.5636278E-03
    0.000000    
    15.70306    
    98.46706    
    78.24153    
    0.000000    
    1.493871    
    0.000000    
    0.000000    
    0.000000    
    0.000000    
   0.3495774    
    1.446566    
    149.7865    
    235.4767    
    149.5043    
    151.4216    
    218.1583    
    292.0508    
    487.8062    
    573.2955    
    466.8720    
    257.0645    
    74.40082    
    280.3843    
    590.5196    
    726.4299    
    641.7043    
    352.3102    
    128.5798    
    84.32417    
    177.6981    
    459.7446    
    452.5107    
    439.4029    
    698.0574    
    768.7478    
    752.8494    
    807.6232    
    1081.419    
    1571.161    
    1720.634    
    1357.918    
    1179.732    
    1069.209    
    934.1797    
    992.6646    
    1067.292    
    1168.407    
    1093.351    
    939.1497    
    1041.968    

    0.000000    
    0.000000    
    15.74965    
    8.923726    
    0.000000    
    3.068069    
    3.876348    
    0.000000    
    0.000000    
    0.000000    
    0.000000    
    7.154854    
    27.74096    
    65.70357    
    123.1860    
    165.9105    
    219.2486    
    334.9388    
    402.9532    
    424.6207    
    376.6990    
    253.7692    
    148.2126    
    95.68201    
    388.5251    
    753.1095    
    763.6483    
    553.3458    
    266.5737    
    103.8151    
    113.1652    
    210.1011    
    527.2590    
    574.0916    
    508.5741    
    734.5910    
    950.8652    
    989.4305    
    980.2426    
    1276.952    
    1660.660    
    1623.357    
    1245.388    
    1152.990    
    1192.047    
    1128.618    
    1099.293    
    1201.848    
    1343.979    
    1248.535    
    1118.822    
    1194.318    

    5.732027    
    17.11041    
    15.30533    
    3.979461    
    0.000000    
   0.5768991    
   0.3433679    
    0.000000    
    0.000000    
    0.000000    
    0.000000    
    3.397787    
    33.94038    
    55.22129    
    133.3588    
    204.4557    
    237.9571    
    354.0045    
    412.3455    
    324.3796    
    207.9964    
    135.9792    
    91.97475    
    149.3383    
    419.5245    
    743.9745    
    738.0561    
    403.6663    
    137.9103    
    91.72657    
    164.5040    
    212.0579    
    346.3502    
    505.2746    
    443.1436    
    473.6246    
    861.8987    
    1061.421    
    1045.447    
    1266.373    
    1511.840    
    1393.937    
    1135.727    
    976.0760    
    960.2018    
    977.0267    
    1043.308    
    1292.617    
    1448.303    
    1438.964    
    1372.001    
    1213.145    

    23.67535    
    43.11019    
    13.55019    
    2.296299    
    5.702516    
   0.1610908    
    0.000000    
   1.1756832E-02
    0.000000    
    0.000000    
   6.1847702E-02
    0.000000    
    23.08323    
    71.91763    
    122.4065    
    162.3576    
    213.9632    
    296.6031    
    292.2085    
    194.4897    
    140.6392    
    112.3511    
    103.7738    
    212.2723    
    359.0092    
    592.2180    
    673.4003    
    349.0771    
    98.62637    
    91.27328    
    225.2560    
    351.3918    
    334.1348    
    340.8547    
    306.9786    
    409.3249    
    882.4009    
    1104.286    
    1024.417    
    1066.388    
    1241.330    
    1083.296    
    863.5537    
    827.6497    
    802.9853    
    965.0311    
    1086.929    
    1308.256    
    1579.562    
    1700.644    
    1669.403    
    1404.784    

    21.92805    
    27.96799    
    1.589677    
    13.42498    
    22.54079    
    5.443280    
    0.000000    
   3.3988371E-02
   5.7952865E-03
    0.000000    
   2.6851774E-03
    0.000000    
    4.422157    
    46.73046    
    76.31920    
    85.08170    
    134.7471    
    181.4572    
    155.1049    
    109.2981    
    96.55450    
    96.02179    
    206.5213    
    379.0555    
    483.0274    
    642.0582    
    663.4574    
    354.6264    
    113.3296    
    81.93047    
    246.1113    
    499.2632    
    478.4162    
    270.2631    
    252.3734    
    524.6609    
    877.5983    
    974.1430    
    867.0872    
    815.1677    
    837.0093    
    723.5097    
    642.7199    
    734.5711    
    856.9114    
    1164.828    
    1383.543    
    1554.100    
    1780.062    
    1968.637    
    2011.590    
    1740.201    

    4.240367    
    3.474417    
    0.000000    
    9.466132    
    27.10442    
    23.67344    
    6.351422    
    0.000000    
    0.000000    
   1.8224042E-02
    0.000000    
    0.000000    
    0.000000    
    12.63125    
    33.53403    
    47.18755    
    78.26083    
    98.27811    
    110.6397    
    115.7933    
    104.8014    
    142.7460    
    287.2894    
    482.3552    
    661.3013    
    767.2543    
    677.9899    
    350.4923    
    103.6518    
    79.69418    
    241.0182    
    487.7259    
    441.7303    
    253.7547    
    321.1098    
    657.3662    
    793.2518    
    657.3372    
    571.8979    
    553.9367    
    568.5589    
    598.1224    
    798.2830    
    989.2402    
    1088.014    
    1308.042    
    1553.379    
    1907.529    
    2127.245    
    2301.259    
    2427.446    
    2117.132    

    0.000000    
    0.000000    
    0.000000    
    0.000000    
    14.16303    
    35.04588    
    22.19425    
    1.250841    
    0.000000    
    0.000000    
    0.000000    
    4.344670    
    9.144680    
    16.50088    
    31.28129    
    45.98404    
    83.37776    
    102.9378    
    167.8672    
    232.2636    
    176.0436    
    178.1829    
    322.5945    
    544.8230    
    742.0725    
    729.9359    
    580.5458    
    310.7220    
    89.95634    
    73.69711    
    275.6689    
    546.2642    
    470.8979    
    266.9999    
    290.9171    
    481.5523    
    529.0287    
    433.7535    
    498.7921    
    677.5358    
    818.3179    
    942.0604    
    1019.742    
    1082.051    
    1268.254    
    1534.478    
    1721.855    
    2065.524    
    2409.022    
    2684.547    
    2801.211    
    2395.157    

   3.5508579E-04
    0.000000    
   1.2869507E-02
    0.000000    
    5.579221    
    26.38978    
    25.35006    
    5.572567    
   0.5123599    
    5.269855    
    15.31817    
    26.32495    
    29.61496    
    31.55491    
    37.70661    
    44.17095    
    85.14176    
    130.3529    
    238.7709    
    367.0289    
    278.2233    
    176.9999    
    290.3935    
    588.8223    
    812.6791    
    783.2831    
    579.9841    
    286.4058    
    106.1721    
    71.82829    
    228.2043    
    538.4083    
    567.4476    
    296.8632    
    246.7752    
    377.3472    
    508.8661    
    571.6299    
    618.2795    
    846.3953    
    1070.483    
    1253.145    
    1262.641    
    1201.725    
    1394.346    
    1659.518    
    1853.591    
    2031.610    
    2235.554    
    2561.604    
    2774.712    
    2441.615    

   5.0837137E-02
    0.000000    
    0.000000    
    0.000000    
    6.701966    
    20.62616    
    18.66410    
    6.187907    
    6.542461    
    22.54415    
    40.59624    
    45.23396    
    46.76820    
    49.56332    
    58.21774    
    56.12616    
    58.94277    
    112.4815    
    235.7723    
    329.8059    
    254.9708    
    157.7221    
    250.3186    
    472.4344    
    660.0705    
    757.7792    
    636.4109    
    358.9027    
    150.7150    
    78.64206    
    117.4980    
    413.7289    
    515.2618    
    245.7541    
    293.3989    
    639.4454    
    936.7811    
    983.1236    
    761.2035    
    688.0670    
    982.3511    
    1209.864    
    1233.883    
    1237.855    
    1421.140    
    1483.298    
    1486.511    
    1640.752    
    1821.640    
    2175.565    
    2388.426    
    2230.371    

    0.000000    
    2.887001    
    5.549786    
    5.060104    
    8.061734    
    13.17422    
    13.93101    
    8.080460    
    9.564575    
    35.08315    
    48.27307    
    40.29829    
    46.99189    
    56.77899    
    82.15806    
    85.91810    
    58.68961    
    71.64193    
    135.9697    
    168.6875    
    144.4690    
    127.0314    
    209.0201    
    334.1927    
    490.3726    
    609.7253    
    521.4490    
    356.9440    
    184.6747    
    84.05892    
    80.58290    
    310.6979    
    347.7007    
    205.6271    
    473.3731    
    831.9706    
    1082.742    
    1236.622    
    1069.361    
    740.9913    
    806.6874    
    1062.908    
    1117.651    
    1146.207    
    1328.414    
    1256.029    
    1071.479    
    1242.037    
    1573.801    
    2012.701    
    2094.349    
    1881.389    

    0.000000    
    11.43942    
    31.04193    
    23.68397    
    9.484547    
    6.970294    
    8.729509    
    8.043043    
    7.241767    
    22.50157    
    31.42286    
    27.22303    
    37.85315    
    54.88150    
    76.72992    
    87.96808    
    76.47044    
    62.88775    
    67.84948    
    88.29353    
    97.34216    
    99.23409    
    131.3455    
    238.2129    
    360.8047    
    368.6980    
    294.8648    
    197.7240    
    112.8013    
    82.76478    
    73.09843    
    249.5983    
    254.3602    
    169.4960    
    602.9492    
    1001.345    
    1092.967    
    1152.255    
    1204.695    
    1008.627    
    783.3925    
    1019.883    
    1188.719    
    1252.878    
    1311.523    
    1020.725    
    1000.870    
    1371.397    
    1688.796    
    1932.321    
    1912.259    
    1623.221    

    0.000000    
    20.64605    
    54.30531    
    43.71410    
    19.39664    
    11.92728    
    7.522068    
    5.059312    
    5.716164    
    9.238273    
    16.62397    
    21.14952    
    32.15454    
    52.45189    
    66.47415    
    77.64928    
    83.26811    
    78.52464    
    74.01060    
    78.36557    
    85.05211    
    81.15285    
    93.13925    
    145.7687    
    168.6922    
    113.1936    
    80.99655    
    80.49952    
    146.8104    
    208.2961    
    130.9642    
    155.5072    
    163.0226    
    140.2207    
    483.3992    
    921.0704    
    1006.326    
    1004.496    
    1213.370    
    1186.626    
    1012.249    
    1083.991    
    1142.240    
    1301.287    
    1268.884    
    820.2628    
    990.4150    
    1575.253    
    1793.246    
    1776.387    
    1668.770    
    1377.247    

    0.000000    
    30.89955    
    68.59384    
    57.84296    
    37.17059    
    27.24835    
    17.60896    
    6.693382    
    7.820850    
    14.92920    
    24.51655    
    25.28007    
    26.89319    
    43.62609    
    58.41849    
    66.83492    
    75.65630    
    76.86747    
    72.04915    
    70.45533    
    71.85621    
    69.57534    
    67.30232    
    62.68756    
    49.98511    
    48.34679    
    100.5544    
    193.4987    
    349.2877    
    462.3048    
    317.9219    
    118.9937    
    98.96950    
    181.6807    
    397.8354    
    676.3212    
    918.6046    
    1171.119    
    1216.111    
    1157.884    
    1184.130    
    1139.262    
    1114.592    
    1265.776    
    1228.827    
    788.2073    
    922.7520    
    1585.272    
    1747.756    
    1623.166    
    1471.860    
    1137.630    

    2.693522    
    45.20805    
    77.38816    
    70.65340    
    60.95774    
    61.11741    
    48.40862    
    17.75702    
    10.65326    
    15.03685    
    20.28821    
    20.56334    
    19.04952    
    29.65527    
    42.65887    
    48.26141    
    57.61463    
    62.81309    
    61.33088    
    61.46528    
    61.54787    
    60.04507    
    54.11777    
    46.77538    
    43.63944    
    123.2913    
    265.4665    
    411.5701    
    575.9609    
    647.8290    
    457.2049    
    171.6913    
    158.7891    
    331.6649    
    575.6758    
    775.2459    
    1055.060    
    1229.113    
    1066.091    
    1154.572    
    1174.751    
    1042.052    
    1049.840    
    1110.616    
    1060.133    
    732.0348    
    931.4966    
    1459.420    
    1663.237    
    1583.242    
    1437.342    
    1197.414    

    22.02561    
    57.63289    
    73.82773    
    74.71638    
    78.35152    
    92.12310    
    85.31876    
    38.70707    
    12.25298    
    11.11777    
    11.04445    
    11.25822    
    12.68585    
    16.53469    
    23.68730    
    27.17166    
    37.18717    
    51.68728    
    55.28145    
    56.45327    
    60.62904    
    55.46696    
    43.52587    
    40.76225    
    76.04634    
    263.5015    
    448.6420    
    540.4257    
    637.6489    
    628.2817    
    483.9688    
    219.4252    
    203.7707    
    456.2262    
    602.2562    
    684.7440    
    859.9523    
    895.6216    
    986.5756    
    1249.708    
    1152.319    
    925.5043    
    825.5203    
    822.2539    
    718.7450    
    620.3331    
    1018.237    
    1376.336    
    1582.329    
    1508.495    
    1372.039    
    1372.260    

    39.96762    
    59.58388    
    69.16186    
    74.99522    
    85.50258    
    98.95613    
    88.97754    
    46.84203    
    18.18959    
    12.74035    
    11.76454    
    12.27177    
    13.66068    
    14.52267    
    16.10825    
    17.70963    
    25.44747    
    36.81494    
    42.73876    
    51.58379    
    57.95649    
    46.19222    
    37.20096    
    40.96872    
    97.05910    
    306.1065    
    547.5336    
    636.1319    
    656.7533    
    658.5892    
    534.1160    
    243.0520    
    155.2545    
    338.4382    
    489.7179    
    616.9592    
    749.8749    
    847.5739    
    1081.006    
    1214.836    
    1035.235    
    742.5438    
    516.8694    
    483.6962    
    421.0551    
    479.3808    
    885.0370    
    1245.629    
    1405.358    
    1329.821    
    1270.137    
    1232.822    

    40.92306    
    56.16312    
    67.11398    
    79.24931    
    91.30491    
    86.48547    
    60.19489    
    34.85331    
    24.02380    
    16.42382    
    11.33265    
    12.23714    
    15.18630    
    18.03440    
    18.04429    
    17.59860    
    23.25545    
    27.37010    
    30.21405    
    46.49679    
    50.44681    
    34.96593    
    32.72343    
    39.12912    
    67.29565    
    240.6717    
    568.2717    
    743.8630    
    770.7036    
    761.7760    
    536.4818    
    230.5335    
    120.4857    
    186.7879    
    353.8550    
    555.1132    
    733.0377    
    997.8341    
    1092.833    
    967.6638    
    742.8854    
    447.9763    
    315.3660    
    295.8714    
    301.2362    
    377.2236    
    559.4871    
    753.5444    
    891.2465    
    953.2074    
    937.0166    
    847.8347    

    31.41643    
    50.55225    
    59.40864    
    67.43983    
    72.20771    
    53.87794    
    31.72993    
    24.92432    
    25.00878    
    18.08761    
    11.06755    
    11.80034    
    12.83427    
    15.28337    
    17.41547    
    18.04421    
    20.73779    
    23.89651    
    26.57362    
    35.59616    
    37.40606    
    29.19306    
    28.33639    
    31.26520    
    35.20319    
    179.7265    
    486.0861    
    761.9337    
    817.7800    
    667.5270    
    493.5037    
    281.4795    
    143.0426    
    145.1882    
    165.4737    
    253.3843    
    446.7956    
    777.7963    
    799.2863    
    563.1326    
    409.5576    
    348.2026    
    445.4987    
    451.5525    
    403.1382    
    390.3317    
    447.3550    
    486.3569    
    504.5291    
    566.4385    
    554.9246    
    612.1859    

    24.84562    
    37.87342    
    38.73363    
    36.52654    
    33.19189    
    23.36659    
    21.51739    
    23.84936    
    24.63404    
    18.91519    
    12.62455    
    12.48754    
    12.01758    
    12.18954    
    15.41808    
    18.14691    
    18.24981    
    20.86259    
    24.67670    
    26.46592    
    26.86442    
    25.16069    
    24.48985    
    25.50226    
    28.85620    
    115.0410    
    323.8409    
    694.4889    
    855.3016    
    630.4822    
    520.8284    
    365.5374    
    161.0543    
    146.9456    
    157.7698    
    174.8878    
    228.1550    
    360.8519    
    387.2001    
    282.4991    
    283.6442    
    404.7409    
    662.6358    
    786.3914    
    768.8499    
    733.2864    
    802.6360    
    863.3544    
    774.5981    
    819.9043    
    800.3525    
    782.1982    

    20.95918    
    24.40658    
    21.37922    
    18.16955    
    17.25549    
    17.51788    
    22.11719    
    24.49356    
    24.39996    
    20.86475    
    16.32832    
    15.70384    
    15.43333    
    13.61442    
    13.96437    
    17.00410    
    17.87750    
    18.78745    
    20.94364    
    23.22987    
    24.01267    
    23.90010    
    22.61590    
    23.82800    
    37.74986    
    64.38577    
    213.8432    
    488.1670    
    729.0842    
    661.1137    
    626.7802    
    451.3199    
    158.6192    
    266.9544    
    299.1987    
    215.7614    
    205.3337    
    195.2158    
    195.0507    
    266.6093    
    466.7789    
    645.7049    
    682.8563    
    758.3897    
    1053.745    
    1237.912    
    1368.390    
    1480.510    
    1404.941    
    1389.041    
    1303.303    
    1277.898    

    18.59340    
    17.27938    
    14.74699    
    14.83956    
    17.36970    
    18.91101    
    20.41092    
    22.50639    
    24.15877    
    23.06021    
    20.71478    
    20.10208    
    21.06795    
    19.85634    
    18.55636    
    18.66024    
    18.00707    
    17.92909    
    20.19921    
    23.17400    
    24.10285    
    24.19712    
    20.44675    
    25.07125    
    36.04716    
    64.26241    
    168.0755    
    254.2969    
    429.0359    
    537.7280    
    625.0000    
    435.3641    
    142.1348    
    396.2260    
    493.6338    
    312.5147    
    286.1175    
    326.4425    
    368.9723    
    471.8841    
    728.2778    
    1014.162    
    846.7967    
    642.3315    
    969.5715    
    1320.760    
    1492.052    
    1640.923    
    1649.691    
    1462.652    
    1342.177    
    1525.708    

    15.53785    
    11.38421    
    10.31219    
    14.09814    
    17.18422    
    17.85482    
    17.97895    
    21.12971    
    23.68546    
    24.22453    
    24.84237    
    24.42470    
    24.57158    
    24.74608    
    25.75675    
    25.57421    
    24.60773    
    23.25542    
    22.63284    
    23.73484    
    23.94337    
    23.92805    
    19.94846    
    22.67572    
    24.43472    
    50.50898    
    163.3938    
    211.1910    
    222.3039    
    338.9557    
    462.1777    
    320.7396    
    144.6135    
    411.4320    
    617.9355    
    420.5925    
    328.5257    
    574.1028    
    785.3892    
    754.4974    
    813.5103    
    1090.452    
    1057.049    
    824.9667    
    843.7619    
    1103.217    
    1282.344    
    1347.805    
    1480.787    
    1294.991    
    1138.812    
    1393.983    

    7.382702    
    6.763563    
    8.375896    
    11.61530    
    13.79817    
    16.33383    
    19.63976    
    23.31903    
    25.67249    
    26.99778    
    27.19951    
    29.62275    
    30.96342    
    31.08054    
    34.50279    
    35.56238    
    35.83528    
    35.23842    
    29.15627    
    24.86721    
    24.21127    
    23.43400    
    20.23999    
    17.96583    
    16.48531    
    19.78493    
    90.66806    
    148.7785    
    155.2624    
    207.6097    
    264.1379    
    217.6708    
    151.7619    
    339.4216    
    584.7878    
    450.2371    
    285.4394    
    636.0646    
    1069.916    
    1046.086    
    933.0883    
    1095.571    
    1214.031    
    1102.125    
    915.3560    
    938.0001    
    1019.314    
    1043.698    
    1176.158    
    1141.876    
    1209.275    
    1397.585    

    2.357969    
    5.320963    
    7.146605    
    14.46847    
    27.09244    
    30.24982    
    25.92661    
    32.10682    
    43.60995    
    46.55433    
    41.86100    
    40.97670    
    41.15161    
    41.09142    
    43.85587    
    44.02343    
    43.17978    
    43.84122    
    39.68596    
    34.22241    
    31.74379    
    27.73641    
    21.17778    
    16.32696    
    15.03637    
    14.71023    
    18.58665    
    37.08776    
    92.63508    
    188.3478    
    201.3969    
    166.0775    
    161.3375    
    209.4377    
    412.5268    
    399.8126    
    253.2833    
    588.2427    
    1142.364    
    1262.262    
    1142.422    
    1137.682    
    1248.923    
    1305.715    
    1262.175    
    1198.241    
    1135.956    
    1152.396    
    1218.105    
    1315.878    
    1369.111    
    1375.523    

    6.271634    
    11.48225    
    27.30689    
    57.00195    
    79.29772    
    76.56016    
    51.01051    
    44.85374    
    61.71605    
    68.77256    
    64.55244    
    55.32274    
    47.43966    
    45.40572    
    46.10426    
    46.03275    
    45.69845    
    45.67816    
    45.64907    
    44.46433    
    42.52633    
    39.91342    
    30.82145    
    19.70653    
    15.63632    
    14.71142    
    14.79023    
    13.37564    
    25.28810    
    94.71231    
    209.9117    
    249.7952    
    203.0165    
    160.2002    
    236.8453    
    289.6898    
    305.9461    
    650.0406    
    1119.952    
    1266.148    
    1121.840    
    1065.492    
    1175.884    
    1301.301    
    1361.234    
    1366.184    
    1364.771    
    1397.834    
    1445.820    
    1449.122    
    1348.083    
    1256.774    

    29.75554    
    50.17677    
    80.10212    
    114.2101    
    124.3148    
    113.8610    
    78.39851    
    57.25467    
    67.19017    
    75.96292    
    71.13571    
    58.63047    
    49.50005    
    47.03548    
    48.01501    
    48.25044    
    47.52921    
    46.33540    
    45.06965    
    44.75258    
    45.37604    
    49.40568    
    48.40342    
    33.94377    
    19.40607    
    14.80351    
    13.26995    
    11.53393    
    7.825734    
    0.000000    
    78.60361    
    175.9330    
    202.1504    
    251.1663    
    231.8160    
    214.0444    
    293.6173    
    474.3653    
    833.8409    
    993.9837    
    958.1374    
    1154.480    
    1199.302    
    1168.242    
    1157.139    
    1107.821    
    1183.244    
    1382.699    
    1509.947    
    1357.426    
    1269.194    
    1213.203    

    36.80056    
    60.46292    
    83.48764    
    112.2109    
    120.0907    
    99.03046    
    73.74649    
    68.09925    
    76.04765    
    76.35807    
    68.19144    
    58.54998    
    54.64412    
    55.01832    
    55.46183    
    54.45630    
    53.88831    
    53.11186    
    46.54936    
    41.95402    
    45.64040    
    53.28583    
    60.19392    
    51.61296    
    31.26983    
    17.68368    
    12.86716    
    10.94208    
    9.610246    
    8.577847    
    0.000000    
    9.931798    
    83.75745    
    299.8510    
    378.0942    
    258.1241    
    249.9478    
    269.2927    
    415.2668    
    609.5021    
    783.7012    
    1133.736    
    1290.091    
    1121.613    
    1087.899    
    1014.240    
    1109.951    
    1450.192    
    1499.343    
    1389.309    
    1201.967    
    930.0686    

    20.95097    
    29.28290    
    40.92616    
    73.03001    
    88.12911    
    74.49056    
    73.84722    
    81.64255    
    86.36343    
    79.67682    
    72.07480    
    64.34921    
    62.91632    
    68.24676    
    73.37405    
    76.03658    
    68.56690    
    62.05305    
    53.87244    
    45.23516    
    49.22395    
    55.85598    
    63.61543    
    60.70295    
    43.73166    
    23.71819    
    11.53051    
    9.256768    
    8.504707    
    7.410015    
    6.367233    
   0.6443472    
    0.000000    
    142.1498    
    355.6205    
    403.6063    
    331.8733    
    260.2291    
    214.2379    
    298.0262    
    453.6913    
    744.5710    
    1210.849    
    1194.509    
    971.7239    
    881.9431    
    1103.773    
    1506.896    
    1454.075    
    1223.221    
    881.8470    
    699.0840    

    28.50160    
    26.30295    
    27.37780    
    51.65101    
    69.83907    
    75.02202    
    86.84076    
    91.71960    
    90.59057    
    86.75940    
    81.58179    
    74.48719    
    73.21175    
    80.56475    
    88.36430    
    93.62377    
    87.73921    
    78.39404    
    64.22500    
    51.59985    
    54.19836    
    59.26252    
    65.73357    
    62.05278    
    45.70293    
    26.96311    
    15.83854    
    9.502878    
    5.058566    
    6.009972    
    4.872645    
    3.723418    
    0.000000    
    4.227504    
    129.6460    
    370.2552    
    506.4934    
    375.5503    
    217.0190    
    143.5117    
    129.4794    
    318.7239    
    738.7266    
    1118.502    
    1044.622    
    737.6594    
    1006.102    
    1437.614    
    1391.112    
    978.1783    
    615.9327    
    928.8864    

    63.11782    
    40.06935    
    30.57258    
    46.23170    
    60.09027    
    66.15330    
    80.14205    
    92.12309    
    90.67300    
    96.95380    
    105.7733    
    97.72114    
    88.09972    
    88.96717    
    90.23594    
    97.11639    
    103.5416    
    105.4191    
    90.31242    
    65.80660    
    57.97617    
    61.58347    
    66.06451    
    57.51561    
    38.41858    
    38.41388    
    77.39824    
    63.09816    
    6.915500    
   0.3229001    
    4.896961    
    2.824910    
    3.281668    
    0.000000    
    0.000000    
    149.3143    
    440.5914    
    559.7623    
    477.5261    
    291.0168    
    91.10580    
    88.36894    
    270.3456    
    793.2043    
    927.4484    
    701.9215    
    1090.648    
    1346.592    
    1172.796    
    738.6938    
    614.4299    
    1039.128    

    62.95784    
    37.01852    
    33.23523    
    42.33226    
    47.62314    
    53.41870    
    66.53121    
    81.82959    
    87.18812    
    95.88493    
    114.8265    
    118.3882    
    110.3040    
    106.6168    
    103.8691    
    109.5635    
    115.7162    
    120.7913    
    111.5282    
    86.64230    
    74.24758    
    66.58167    
    62.23429    
    48.64734    
    27.71693    
    45.88126    
    111.4889    
    166.5028    
    154.5232    
    59.29882    
    0.000000    
    0.000000    
    3.194181    
    3.033115    
    0.000000    
    31.06340    
    152.1441    
    425.8421    
    685.5930    
    597.3538    
    238.4469    
    37.90689    
    97.44772    
    418.0592    
    492.2014    
    650.8114    
    1054.558    
    990.0751    
    724.3086    
    482.4038    
    535.9799    
    671.2773    

    31.59086    
    27.10543    
    32.23998    
    36.31335    
    41.68094    
    46.50551    
    46.36676    
    58.49704    
    74.98882    
    84.01858    
    99.53303    
    114.9322    
    117.0738    
    115.1207    
    116.4758    
    117.0623    
    119.8752    
    122.3155    
    116.1554    
    99.19622    
    94.95093    
    86.56182    
    63.67307    
    42.86614    
    21.89919    
    28.83884    
    64.43433    
    167.8765    
    272.0032    
    195.2637    
    81.28446    
    26.10210    
    0.000000    
    2.846700    
    1.961571    
    2.298229    
    10.75494    
    126.8769    
    455.0930    
    649.4480    
    371.1351    
    66.17741    
    69.36676    
    178.9994    
    228.2591    
    365.2278    
    505.6962    
    409.9984    
    278.2494    
    280.0051    
    314.8716    
    298.3416    

    17.12098    
    20.49815    
    27.34687    
    32.26788    
    35.50529    
    34.98348    
    35.22830    
    50.35316    
    64.72058    
    75.70100    
    88.41096    
    98.32607    
    100.2467    
    103.3509    
    110.1804    
    111.3389    
    115.6332    
    120.9375    
    118.2325    
    95.29339    
    76.77306    
    66.14625    
    41.30611    
    30.31106    
    23.15847    
    13.36153    
    22.86825    
    99.47242    
    204.3923    
    258.5481    
    260.5361    
    148.5667    
    14.96711    
    0.000000    
    2.962423    
    1.731908    
   0.1174744    
    10.92799    
    121.6287    
    323.4994    
    346.9262    
    168.8212    
    67.46697    
    66.01550    
    146.0693    
    184.6261    
    144.0941    
    150.4485    
    207.7849    
    250.7623    
    234.9762    
    268.0990    

