    45.83514       -123.9613    
    45.83872       -123.8067    
    45.84209       -123.6520    
    45.84523       -123.4973    
    45.84817       -123.3425    
    45.85089       -123.1878    
    45.85339       -123.0330    
    45.85567       -122.8782    
    45.85773       -122.7234    
    45.85958       -122.5687    
    45.86121       -122.4138    
    45.86263       -122.2590    
    45.86382       -122.1042    
    45.86480       -121.9494    
    45.86555       -121.7945    
    45.86610       -121.6397    
    45.86643       -121.4848    
    45.86654       -121.3300    
    45.86643       -121.1752    
    45.86610       -121.0203    
    45.86555       -120.8655    
    45.86480       -120.7106    
    45.86382       -120.5558    
    45.86263       -120.4010    
    45.86121       -120.2462    
    45.85958       -120.0913    
    45.85773       -119.9366    
    45.85567       -119.7818    
    45.85339       -119.6270    
    45.85089       -119.4722    
    45.84817       -119.3175    
    45.84523       -119.1628    
    45.84209       -119.0080    
    45.83872       -118.8533    
    45.83514       -118.6987    

    45.94289       -123.9666    
    45.94649       -123.8117    
    45.94987       -123.6567    
    45.95302       -123.5016    
    45.95596       -123.3466    
    45.95868       -123.1915    
    45.96119       -123.0365    
    45.96347       -122.8814    
    45.96554       -122.7263    
    45.96739       -122.5712    
    45.96903       -122.4160    
    45.97044       -122.2609    
    45.97164       -122.1058    
    45.97262       -121.9506    
    45.97338       -121.7955    
    45.97393       -121.6403    
    45.97425       -121.4852    
    45.97436       -121.3300    
    45.97425       -121.1748    
    45.97393       -121.0197    
    45.97338       -120.8645    
    45.97262       -120.7094    
    45.97164       -120.5542    
    45.97044       -120.3991    
    45.96903       -120.2440    
    45.96739       -120.0888    
    45.96554       -119.9337    
    45.96347       -119.7786    
    45.96119       -119.6235    
    45.95868       -119.4685    
    45.95596       -119.3134    
    45.95302       -119.1584    
    45.94987       -119.0033    
    45.94649       -118.8483    
    45.94289       -118.6934    

    46.05067       -123.9720    
    46.05427       -123.8167    
    46.05765       -123.6614    
    46.06081       -123.5060    
    46.06376       -123.3507    
    46.06649       -123.1953    
    46.06899       -123.0399    
    46.07129       -122.8845    
    46.07336       -122.7291    
    46.07521       -122.5737    
    46.07685       -122.4182    
    46.07827       -122.2628    
    46.07947       -122.1073    
    46.08046       -121.9519    
    46.08121       -121.7964    
    46.08176       -121.6409    
    46.08209       -121.4855    
    46.08220       -121.3300    
    46.08209       -121.1745    
    46.08176       -121.0191    
    46.08121       -120.8636    
    46.08046       -120.7081    
    46.07947       -120.5527    
    46.07827       -120.3972    
    46.07685       -120.2418    
    46.07521       -120.0863    
    46.07336       -119.9309    
    46.07129       -119.7755    
    46.06899       -119.6201    
    46.06649       -119.4647    
    46.06376       -119.3093    
    46.06081       -119.1540    
    46.05765       -118.9986    
    46.05427       -118.8433    
    46.05067       -118.6880    

    46.15845       -123.9774    
    46.16206       -123.8217    
    46.16545       -123.6661    
    46.16862       -123.5104    
    46.17157       -123.3548    
    46.17430       -123.1991    
    46.17682       -123.0434    
    46.17911       -122.8877    
    46.18119       -122.7319    
    46.18305       -122.5762    
    46.18469       -122.4204    
    46.18611       -122.2647    
    46.18732       -122.1089    
    46.18830       -121.9531    
    46.18906       -121.7974    
    46.18961       -121.6416    
    46.18993       -121.4858    
    46.19005       -121.3300    
    46.18993       -121.1742    
    46.18961       -121.0184    
    46.18906       -120.8626    
    46.18830       -120.7069    
    46.18732       -120.5511    
    46.18611       -120.3953    
    46.18469       -120.2396    
    46.18305       -120.0838    
    46.18119       -119.9281    
    46.17911       -119.7723    
    46.17682       -119.6166    
    46.17430       -119.4609    
    46.17157       -119.3052    
    46.16862       -119.1496    
    46.16545       -118.9939    
    46.16206       -118.8383    
    46.15845       -118.6826    

    46.26624       -123.9827    
    46.26985       -123.8268    
    46.27325       -123.6708    
    46.27642       -123.5149    
    46.27938       -123.3589    
    46.28212       -123.2029    
    46.28464       -123.0469    
    46.28694       -122.8908    
    46.28902       -122.7348    
    46.29089       -122.5787    
    46.29253       -122.4227    
    46.29395       -122.2666    
    46.29516       -122.1105    
    46.29615       -121.9544    
    46.29691       -121.7983    
    46.29746       -121.6422    
    46.29779       -121.4861    
    46.29790       -121.3300    
    46.29779       -121.1739    
    46.29746       -121.0178    
    46.29691       -120.8617    
    46.29615       -120.7056    
    46.29516       -120.5495    
    46.29395       -120.3934    
    46.29253       -120.2373    
    46.29089       -120.0813    
    46.28902       -119.9252    
    46.28694       -119.7692    
    46.28464       -119.6131    
    46.28212       -119.4571    
    46.27938       -119.3011    
    46.27642       -119.1451    
    46.27325       -118.9892    
    46.26985       -118.8332    
    46.26624       -118.6773    

    46.37403       -123.9881    
    46.37765       -123.8319    
    46.38105       -123.6756    
    46.38423       -123.5193    
    46.38720       -123.3630    
    46.38995       -123.2067    
    46.39246       -123.0504    
    46.39477       -122.8940    
    46.39686       -122.7376    
    46.39873       -122.5813    
    46.40038       -122.4249    
    46.40180       -122.2685    
    46.40301       -122.1121    
    46.40400       -121.9557    
    46.40477       -121.7993    
    46.40532       -121.6429    
    46.40564       -121.4864    
    46.40575       -121.3300    
    46.40564       -121.1736    
    46.40532       -121.0172    
    46.40477       -120.8607    
    46.40400       -120.7043    
    46.40301       -120.5479    
    46.40180       -120.3915    
    46.40038       -120.2351    
    46.39873       -120.0787    
    46.39686       -119.9224    
    46.39477       -119.7660    
    46.39246       -119.6096    
    46.38995       -119.4533    
    46.38720       -119.2970    
    46.38423       -119.1407    
    46.38105       -118.9844    
    46.37765       -118.8281    
    46.37403       -118.6719    

    46.48182       -123.9935    
    46.48545       -123.8370    
    46.48886       -123.6804    
    46.49205       -123.5238    
    46.49503       -123.3672    
    46.49777       -123.2105    
    46.50030       -123.0539    
    46.50262       -122.8972    
    46.50470       -122.7405    
    46.50658       -122.5838    
    46.50822       -122.4271    
    46.50966       -122.2704    
    46.51086       -122.1137    
    46.51185       -121.9569    
    46.51263       -121.8002    
    46.51317       -121.6435    
    46.51350       -121.4868    
    46.51362       -121.3300    
    46.51350       -121.1732    
    46.51317       -121.0165    
    46.51263       -120.8598    
    46.51185       -120.7031    
    46.51086       -120.5463    
    46.50966       -120.3896    
    46.50822       -120.2329    
    46.50658       -120.0762    
    46.50470       -119.9195    
    46.50262       -119.7628    
    46.50030       -119.6061    
    46.49777       -119.4495    
    46.49503       -119.2928    
    46.49205       -119.1362    
    46.48886       -118.9796    
    46.48545       -118.8230    
    46.48182       -118.6665    

    46.58962       -123.9990    
    46.59326       -123.8421    
    46.59668       -123.6852    
    46.59988       -123.5283    
    46.60284       -123.3713    
    46.60561       -123.2144    
    46.60814       -123.0574    
    46.61046       -122.9004    
    46.61256       -122.7434    
    46.61443       -122.5864    
    46.61608       -122.4294    
    46.61752       -122.2723    
    46.61873       -122.1153    
    46.61972       -121.9582    
    46.62049       -121.8012    
    46.62105       -121.6441    
    46.62137       -121.4871    
    46.62149       -121.3300    
    46.62137       -121.1729    
    46.62105       -121.0159    
    46.62049       -120.8588    
    46.61972       -120.7018    
    46.61873       -120.5447    
    46.61752       -120.3877    
    46.61608       -120.2307    
    46.61443       -120.0736    
    46.61256       -119.9166    
    46.61046       -119.7596    
    46.60814       -119.6026    
    46.60561       -119.4456    
    46.60284       -119.2887    
    46.59988       -119.1317    
    46.59668       -118.9748    
    46.59326       -118.8179    
    46.58962       -118.6610    

    46.69743       -124.0045    
    46.70107       -123.8472    
    46.70450       -123.6900    
    46.70770       -123.5328    
    46.71068       -123.3755    
    46.71345       -123.2182    
    46.71599       -123.0609    
    46.71831       -122.9036    
    46.72041       -122.7463    
    46.72229       -122.5890    
    46.72395       -122.4316    
    46.72538       -122.2743    
    46.72660       -122.1169    
    46.72760       -121.9595    
    46.72837       -121.8022    
    46.72892       -121.6448    
    46.72925       -121.4874    
    46.72936       -121.3300    
    46.72925       -121.1726    
    46.72892       -121.0152    
    46.72837       -120.8578    
    46.72760       -120.7005    
    46.72660       -120.5431    
    46.72538       -120.3857    
    46.72395       -120.2284    
    46.72229       -120.0710    
    46.72041       -119.9137    
    46.71831       -119.7564    
    46.71599       -119.5991    
    46.71345       -119.4418    
    46.71068       -119.2845    
    46.70770       -119.1272    
    46.70450       -118.9700    
    46.70107       -118.8128    
    46.69743       -118.6555    

    46.80524       -124.0099    
    46.80890       -123.8524    
    46.81232       -123.6949    
    46.81554       -123.5373    
    46.81853       -123.3797    
    46.82130       -123.2221    
    46.82384       -123.0645    
    46.82617       -122.9069    
    46.82827       -122.7492    
    46.83015       -122.5916    
    46.83181       -122.4339    
    46.83326       -122.2762    
    46.83447       -122.1185    
    46.83547       -121.9608    
    46.83625       -121.8031    
    46.83680       -121.6454    
    46.83713       -121.4877    
    46.83724       -121.3300    
    46.83713       -121.1723    
    46.83680       -121.0146    
    46.83625       -120.8569    
    46.83547       -120.6992    
    46.83447       -120.5415    
    46.83326       -120.3838    
    46.83181       -120.2261    
    46.83015       -120.0685    
    46.82827       -119.9108    
    46.82617       -119.7531    
    46.82384       -119.5955    
    46.82130       -119.4379    
    46.81853       -119.2803    
    46.81554       -119.1227    
    46.81232       -118.9651    
    46.80890       -118.8076    
    46.80524       -118.6501    

    46.91306       -124.0154    
    46.91672       -123.8576    
    46.92016       -123.6997    
    46.92338       -123.5418    
    46.92637       -123.3839    
    46.92915       -123.2260    
    46.93170       -123.0681    
    46.93403       -122.9101    
    46.93614       -122.7521    
    46.93802       -122.5941    
    46.93969       -122.4362    
    46.94114       -122.2781    
    46.94235       -122.1201    
    46.94335       -121.9621    
    46.94413       -121.8041    
    46.94468       -121.6461    
    46.94501       -121.4880    
    46.94513       -121.3300    
    46.94501       -121.1720    
    46.94468       -121.0139    
    46.94413       -120.8559    
    46.94335       -120.6979    
    46.94235       -120.5399    
    46.94114       -120.3819    
    46.93969       -120.2238    
    46.93802       -120.0659    
    46.93614       -119.9079    
    46.93403       -119.7499    
    46.93170       -119.5919    
    46.92915       -119.4340    
    46.92637       -119.2761    
    46.92338       -119.1182    
    46.92016       -118.9603    
    46.91672       -118.8024    
    46.91306       -118.6446    

    47.02089       -124.0210    
    47.02456       -123.8628    
    47.02800       -123.7046    
    47.03122       -123.5464    
    47.03422       -123.3882    
    47.03700       -123.2299    
    47.03956       -123.0716    
    47.04190       -122.9134    
    47.04401       -122.7551    
    47.04590       -122.5967    
    47.04757       -122.4384    
    47.04901       -122.2801    
    47.05024       -122.1218    
    47.05124       -121.9634    
    47.05202       -121.8051    
    47.05257       -121.6467    
    47.05290       -121.4884    
    47.05302       -121.3300    
    47.05290       -121.1716    
    47.05257       -121.0133    
    47.05202       -120.8549    
    47.05124       -120.6966    
    47.05024       -120.5382    
    47.04901       -120.3799    
    47.04757       -120.2216    
    47.04590       -120.0633    
    47.04401       -119.9049    
    47.04190       -119.7466    
    47.03956       -119.5884    
    47.03700       -119.4301    
    47.03422       -119.2719    
    47.03122       -119.1136    
    47.02800       -118.9554    
    47.02456       -118.7972    
    47.02089       -118.6390    

    47.12871       -124.0265    
    47.13239       -123.8680    
    47.13584       -123.7095    
    47.13907       -123.5510    
    47.14208       -123.3924    
    47.14487       -123.2338    
    47.14743       -123.0752    
    47.14977       -122.9166    
    47.15189       -122.7580    
    47.15378       -122.5994    
    47.15545       -122.4407    
    47.15690       -122.2821    
    47.15813       -122.1234    
    47.15913       -121.9647    
    47.15991       -121.8061    
    47.16047       -121.6474    
    47.16080       -121.4887    
    47.16091       -121.3300    
    47.16080       -121.1713    
    47.16047       -121.0126    
    47.15991       -120.8539    
    47.15913       -120.6953    
    47.15813       -120.5366    
    47.15690       -120.3779    
    47.15545       -120.2193    
    47.15378       -120.0606    
    47.15189       -119.9020    
    47.14977       -119.7434    
    47.14743       -119.5848    
    47.14487       -119.4262    
    47.14208       -119.2676    
    47.13907       -119.1090    
    47.13584       -118.9505    
    47.13239       -118.7920    
    47.12871       -118.6335    

    47.23654       -124.0321    
    47.24023       -123.8733    
    47.24369       -123.7144    
    47.24693       -123.5556    
    47.24994       -123.3967    
    47.25273       -123.2378    
    47.25530       -123.0789    
    47.25764       -122.9199    
    47.25977       -122.7610    
    47.26167       -122.6020    
    47.26334       -122.4430    
    47.26479       -122.2840    
    47.26602       -122.1250    
    47.26702       -121.9660    
    47.26780       -121.8070    
    47.26836       -121.6480    
    47.26870       -121.4890    
    47.26881       -121.3300    
    47.26870       -121.1710    
    47.26836       -121.0120    
    47.26780       -120.8530    
    47.26702       -120.6940    
    47.26602       -120.5350    
    47.26479       -120.3760    
    47.26334       -120.2170    
    47.26167       -120.0580    
    47.25977       -119.8990    
    47.25764       -119.7401    
    47.25530       -119.5811    
    47.25273       -119.4222    
    47.24994       -119.2633    
    47.24693       -119.1044    
    47.24369       -118.9456    
    47.24023       -118.7867    
    47.23654       -118.6279    

    47.34438       -124.0377    
    47.34807       -123.8785    
    47.35154       -123.7194    
    47.35478       -123.5602    
    47.35780       -123.4010    
    47.36060       -123.2417    
    47.36317       -123.0825    
    47.36552       -122.9232    
    47.36765       -122.7639    
    47.36955       -122.6046    
    47.37123       -122.4453    
    47.37268       -122.2860    
    47.37392       -122.1267    
    47.37492       -121.9673    
    47.37570       -121.8080    
    47.37626       -121.6487    
    47.37660       -121.4893    
    47.37671       -121.3300    
    47.37660       -121.1707    
    47.37626       -121.0113    
    47.37570       -120.8520    
    47.37492       -120.6927    
    47.37392       -120.5333    
    47.37268       -120.3740    
    47.37123       -120.2147    
    47.36955       -120.0554    
    47.36765       -119.8961    
    47.36552       -119.7368    
    47.36317       -119.5775    
    47.36060       -119.4183    
    47.35780       -119.2590    
    47.35478       -119.0998    
    47.35154       -118.9406    
    47.34807       -118.7815    
    47.34438       -118.6223    

    47.45221       -124.0433    
    47.45591       -123.8839    
    47.45938       -123.7243    
    47.46264       -123.5648    
    47.46566       -123.4053    
    47.46847       -123.2457    
    47.47104       -123.0861    
    47.47340       -122.9265    
    47.47553       -122.7669    
    47.47744       -122.6073    
    47.47912       -122.4476    
    47.48058       -122.2880    
    47.48182       -122.1284    
    47.48282       -121.9687    
    47.48361       -121.8090    
    47.48417       -121.6494    
    47.48450       -121.4897    
    47.48462       -121.3300    
    47.48450       -121.1703    
    47.48417       -121.0107    
    47.48361       -120.8510    
    47.48282       -120.6913    
    47.48182       -120.5316    
    47.48058       -120.3720    
    47.47912       -120.2124    
    47.47744       -120.0527    
    47.47553       -119.8931    
    47.47340       -119.7335    
    47.47104       -119.5739    
    47.46847       -119.4143    
    47.46566       -119.2547    
    47.46264       -119.0952    
    47.45938       -118.9357    
    47.45591       -118.7762    
    47.45221       -118.6167    

    47.56005       -124.0490    
    47.56376       -123.8892    
    47.56724       -123.7293    
    47.57050       -123.5695    
    47.57353       -123.4096    
    47.57634       -123.2497    
    47.57892       -123.0898    
    47.58128       -122.9298    
    47.58342       -122.7699    
    47.58533       -122.6099    
    47.58701       -122.4500    
    47.58848       -122.2900    
    47.58971       -122.1300    
    47.59072       -121.9700    
    47.59151       -121.8100    
    47.59207       -121.6500    
    47.59241       -121.4900    
    47.59252       -121.3300    
    47.59241       -121.1700    
    47.59207       -121.0100    
    47.59151       -120.8500    
    47.59072       -120.6900    
    47.58971       -120.5300    
    47.58848       -120.3700    
    47.58701       -120.2100    
    47.58533       -120.0501    
    47.58342       -119.8901    
    47.58128       -119.7302    
    47.57892       -119.5702    
    47.57634       -119.4103    
    47.57353       -119.2504    
    47.57050       -119.0905    
    47.56724       -118.9307    
    47.56376       -118.7708    
    47.56005       -118.6110    

    47.66790       -124.0547    
    47.67161       -123.8945    
    47.67510       -123.7343    
    47.67836       -123.5741    
    47.68140       -123.4139    
    47.68422       -123.2537    
    47.68681       -123.0934    
    47.68917       -122.9332    
    47.69131       -122.7729    
    47.69323       -122.6126    
    47.69491       -122.4523    
    47.69638       -122.2920    
    47.69762       -122.1317    
    47.69863       -121.9713    
    47.69942       -121.8110    
    47.69999       -121.6507    
    47.70032       -121.4904    
    47.70043       -121.3300    
    47.70032       -121.1696    
    47.69999       -121.0093    
    47.69942       -120.8490    
    47.69863       -120.6887    
    47.69762       -120.5283    
    47.69638       -120.3680    
    47.69491       -120.2077    
    47.69323       -120.0474    
    47.69131       -119.8871    
    47.68917       -119.7268    
    47.68681       -119.5666    
    47.68422       -119.4063    
    47.68140       -119.2461    
    47.67836       -119.0859    
    47.67510       -118.9257    
    47.67161       -118.7655    
    47.66790       -118.6053    

    47.77574       -124.0603    
    47.77946       -123.8999    
    47.78296       -123.7393    
    47.78623       -123.5788    
    47.78927       -123.4183    
    47.79210       -123.2577    
    47.79469       -123.0971    
    47.79706       -122.9365    
    47.79920       -122.7759    
    47.80112       -122.6153    
    47.80282       -122.4547    
    47.80428       -122.2940    
    47.80552       -122.1334    
    47.80654       -121.9727    
    47.80733       -121.8120    
    47.80790       -121.6514    
    47.80824       -121.4907    
    47.80834       -121.3300    
    47.80824       -121.1693    
    47.80790       -121.0086    
    47.80733       -120.8480    
    47.80654       -120.6873    
    47.80552       -120.5266    
    47.80428       -120.3660    
    47.80282       -120.2054    
    47.80112       -120.0447    
    47.79920       -119.8841    
    47.79706       -119.7235    
    47.79469       -119.5629    
    47.79210       -119.4023    
    47.78927       -119.2417    
    47.78623       -119.0812    
    47.78296       -118.9207    
    47.77946       -118.7601    
    47.77574       -118.5997    

    47.88358       -124.0661    
    47.88731       -123.9052    
    47.89082       -123.7444    
    47.89409       -123.5835    
    47.89715       -123.4226    
    47.89997       -123.2617    
    47.90257       -123.1008    
    47.90495       -122.9399    
    47.90710       -122.7790    
    47.90902       -122.6180    
    47.91072       -122.4570    
    47.91218       -122.2960    
    47.91343       -122.1350    
    47.91445       -121.9740    
    47.91524       -121.8130    
    47.91581       -121.6520    
    47.91615       -121.4910    
    47.91626       -121.3300    
    47.91615       -121.1690    
    47.91581       -121.0080    
    47.91524       -120.8470    
    47.91445       -120.6860    
    47.91343       -120.5250    
    47.91218       -120.3640    
    47.91072       -120.2030    
    47.90902       -120.0420    
    47.90710       -119.8810    
    47.90495       -119.7201    
    47.90257       -119.5592    
    47.89997       -119.3983    
    47.89715       -119.2374    
    47.89409       -119.0765    
    47.89082       -118.9156    
    47.88731       -118.7548    
    47.88358       -118.5939    

    47.99142       -124.0718    
    47.99517       -123.9106    
    47.99867       -123.7495    
    48.00196       -123.5883    
    48.00502       -123.4270    
    48.00785       -123.2658    
    48.01046       -123.1046    
    48.01284       -122.9433    
    48.01499       -122.7820    
    48.01691       -122.6207    
    48.01862       -122.4594    
    48.02009       -122.2981    
    48.02134       -122.1367    
    48.02236       -121.9754    
    48.02315       -121.8141    
    48.02372       -121.6527    
    48.02406       -121.4914    
    48.02417       -121.3300    
    48.02406       -121.1686    
    48.02372       -121.0073    
    48.02315       -120.8459    
    48.02236       -120.6846    
    48.02134       -120.5233    
    48.02009       -120.3619    
    48.01862       -120.2006    
    48.01691       -120.0393    
    48.01499       -119.8780    
    48.01284       -119.7167    
    48.01046       -119.5555    
    48.00785       -119.3942    
    48.00502       -119.2330    
    48.00196       -119.0717    
    47.99867       -118.9105    
    47.99517       -118.7494    
    47.99142       -118.5882    

    48.09927       -124.0776    
    48.10302       -123.9161    
    48.10653       -123.7545    
    48.10983       -123.5930    
    48.11289       -123.4315    
    48.11573       -123.2699    
    48.11834       -123.1083    
    48.12073       -122.9467    
    48.12289       -122.7850    
    48.12481       -122.6234    
    48.12652       -122.4618    
    48.12799       -122.3001    
    48.12925       -122.1384    
    48.13026       -121.9767    
    48.13106       -121.8151    
    48.13163       -121.6534    
    48.13197       -121.4917    
    48.13209       -121.3300    
    48.13197       -121.1683    
    48.13163       -121.0066    
    48.13106       -120.8449    
    48.13026       -120.6833    
    48.12925       -120.5216    
    48.12799       -120.3599    
    48.12652       -120.1982    
    48.12481       -120.0366    
    48.12289       -119.8750    
    48.12073       -119.7133    
    48.11834       -119.5517    
    48.11573       -119.3901    
    48.11289       -119.2285    
    48.10983       -119.0670    
    48.10653       -118.9055    
    48.10302       -118.7439    
    48.09927       -118.5824    

    48.20712       -124.0834    
    48.21087       -123.9215    
    48.21439       -123.7597    
    48.21769       -123.5978    
    48.22077       -123.4359    
    48.22361       -123.2740    
    48.22623       -123.1120    
    48.22862       -122.9501    
    48.23078       -122.7881    
    48.23271       -122.6261    
    48.23442       -122.4641    
    48.23590       -122.3022    
    48.23716       -122.1401    
    48.23818       -121.9781    
    48.23898       -121.8161    
    48.23955       -121.6541    
    48.23989       -121.4920    
    48.24000       -121.3300    
    48.23989       -121.1680    
    48.23955       -121.0060    
    48.23898       -120.8439    
    48.23818       -120.6819    
    48.23716       -120.5199    
    48.23590       -120.3578    
    48.23442       -120.1959    
    48.23271       -120.0339    
    48.23078       -119.8719    
    48.22862       -119.7099    
    48.22623       -119.5480    
    48.22361       -119.3860    
    48.22077       -119.2241    
    48.21769       -119.0622    
    48.21439       -118.9003    
    48.21087       -118.7385    
    48.20712       -118.5766    

    48.31496       -124.0892    
    48.31872       -123.9270    
    48.32226       -123.7648    
    48.32557       -123.6026    
    48.32864       -123.4403    
    48.33150       -123.2781    
    48.33411       -123.1158    
    48.33651       -122.9535    
    48.33868       -122.7912    
    48.34062       -122.6289    
    48.34232       -122.4666    
    48.34381       -122.3042    
    48.34507       -122.1418    
    48.34609       -121.9795    
    48.34689       -121.8171    
    48.34746       -121.6548    
    48.34781       -121.4924    
    48.34792       -121.3300    
    48.34781       -121.1676    
    48.34746       -121.0052    
    48.34689       -120.8429    
    48.34609       -120.6805    
    48.34507       -120.5182    
    48.34381       -120.3558    
    48.34232       -120.1935    
    48.34062       -120.0311    
    48.33868       -119.8688    
    48.33651       -119.7065    
    48.33411       -119.5442    
    48.33150       -119.3819    
    48.32864       -119.2197    
    48.32557       -119.0574    
    48.32226       -118.8952    
    48.31872       -118.7330    
    48.31496       -118.5708    

    48.42281       -124.0950    
    48.42658       -123.9325    
    48.43012       -123.7700    
    48.43343       -123.6074    
    48.43651       -123.4448    
    48.43937       -123.2822    
    48.44200       -123.1196    
    48.44440       -122.9569    
    48.44658       -122.7943    
    48.44852       -122.6316    
    48.45023       -122.4689    
    48.45172       -122.3063    
    48.45298       -122.1436    
    48.45401       -121.9809    
    48.45480       -121.8181    
    48.45537       -121.6554    
    48.45572       -121.4927    
    48.45583       -121.3300    
    48.45572       -121.1673    
    48.45537       -121.0046    
    48.45480       -120.8419    
    48.45401       -120.6791    
    48.45298       -120.5164    
    48.45172       -120.3537    
    48.45023       -120.1911    
    48.44852       -120.0284    
    48.44658       -119.8657    
    48.44440       -119.7031    
    48.44200       -119.5404    
    48.43937       -119.3778    
    48.43651       -119.2152    
    48.43343       -119.0526    
    48.43012       -118.8900    
    48.42658       -118.7275    
    48.42281       -118.5650    

    48.53065       -124.1009    
    48.53443       -123.9380    
    48.53798       -123.7751    
    48.54130       -123.6122    
    48.54439       -123.4493    
    48.54725       -123.2863    
    48.54988       -123.1234    
    48.55229       -122.9604    
    48.55447       -122.7974    
    48.55642       -122.6344    
    48.55813       -122.4714    
    48.55962       -122.3083    
    48.56088       -122.1453    
    48.56191       -121.9822    
    48.56272       -121.8192    
    48.56329       -121.6561    
    48.56363       -121.4931    
    48.56374       -121.3300    
    48.56363       -121.1669    
    48.56329       -121.0039    
    48.56272       -120.8408    
    48.56191       -120.6778    
    48.56088       -120.5147    
    48.55962       -120.3517    
    48.55813       -120.1886    
    48.55642       -120.0256    
    48.55447       -119.8626    
    48.55229       -119.6996    
    48.54988       -119.5366    
    48.54725       -119.3737    
    48.54439       -119.2107    
    48.54130       -119.0478    
    48.53798       -118.8849    
    48.53443       -118.7220    
    48.53065       -118.5591    

    48.63849       -124.1068    
    48.64228       -123.9436    
    48.64584       -123.7803    
    48.64916       -123.6171    
    48.65226       -123.4538    
    48.65513       -123.2905    
    48.65777       -123.1272    
    48.66018       -122.9639    
    48.66236       -122.8005    
    48.66431       -122.6372    
    48.66603       -122.4738    
    48.66752       -122.3104    
    48.66879       -122.1470    
    48.66982       -121.9836    
    48.67062       -121.8202    
    48.67120       -121.6568    
    48.67154       -121.4934    
    48.67165       -121.3300    
    48.67154       -121.1666    
    48.67120       -121.0032    
    48.67062       -120.8398    
    48.66982       -120.6764    
    48.66879       -120.5130    
    48.66752       -120.3496    
    48.66603       -120.1862    
    48.66431       -120.0228    
    48.66236       -119.8595    
    48.66018       -119.6961    
    48.65777       -119.5328    
    48.65513       -119.3695    
    48.65226       -119.2062    
    48.64916       -119.0429    
    48.64584       -118.8797    
    48.64228       -118.7164    
    48.63849       -118.5532    

    48.74633       -124.1127    
    48.75013       -123.9491    
    48.75369       -123.7856    
    48.75703       -123.6219    
    48.76013       -123.4583    
    48.76300       -123.2947    
    48.76565       -123.1310    
    48.76806       -122.9673    
    48.77025       -122.8036    
    48.77221       -122.6400    
    48.77393       -122.4762    
    48.77542       -122.3125    
    48.77669       -122.1488    
    48.77773       -121.9850    
    48.77853       -121.8213    
    48.77911       -121.6575    
    48.77945       -121.4938    
    48.77957       -121.3300    
    48.77945       -121.1662    
    48.77911       -121.0025    
    48.77853       -120.8387    
    48.77773       -120.6750    
    48.77669       -120.5112    
    48.77542       -120.3475    
    48.77393       -120.1838    
    48.77221       -120.0201    
    48.77025       -119.8564    
    48.76806       -119.6927    
    48.76565       -119.5290    
    48.76300       -119.3653    
    48.76013       -119.2017    
    48.75703       -119.0381    
    48.75369       -118.8745    
    48.75013       -118.7109    
    48.74633       -118.5473    

    48.85417       -124.1186    
    48.85798       -123.9547    
    48.86155       -123.7908    
    48.86489       -123.6268    
    48.86800       -123.4629    
    48.87088       -123.2989    
    48.87353       -123.1349    
    48.87595       -122.9709    
    48.87814       -122.8068    
    48.88010       -122.6428    
    48.88183       -122.4787    
    48.88333       -122.3146    
    48.88459       -122.1505    
    48.88563       -121.9864    
    48.88644       -121.8223    
    48.88702       -121.6582    
    48.88736       -121.4941    
    48.88747       -121.3300    
    48.88736       -121.1659    
    48.88702       -121.0018    
    48.88644       -120.8377    
    48.88563       -120.6736    
    48.88459       -120.5095    
    48.88333       -120.3454    
    48.88183       -120.1813    
    48.88010       -120.0172    
    48.87814       -119.8532    
    48.87595       -119.6891    
    48.87353       -119.5251    
    48.87088       -119.3611    
    48.86800       -119.1971    
    48.86489       -119.0332    
    48.86155       -118.8692    
    48.85798       -118.7053    
    48.85417       -118.5414    

    48.96201       -124.1246    
    48.96582       -123.9603    
    48.96940       -123.7961    
    48.97275       -123.6317    
    48.97587       -123.4674    
    48.97876       -123.3031    
    48.98141       -123.1387    
    48.98384       -122.9744    
    48.98603       -122.8100    
    48.98800       -122.6456    
    48.98973       -122.4811    
    48.99123       -122.3167    
    48.99250       -122.1523    
    48.99354       -121.9878    
    48.99435       -121.8234    
    48.99492       -121.6589    
    48.99527       -121.4945    
    48.99538       -121.3300    
    48.99527       -121.1655    
    48.99492       -121.0011    
    48.99435       -120.8366    
    48.99354       -120.6722    
    48.99250       -120.5077    
    48.99123       -120.3433    
    48.98973       -120.1789    
    48.98800       -120.0144    
    48.98603       -119.8500    
    48.98384       -119.6856    
    48.98141       -119.5213    
    48.97876       -119.3569    
    48.97587       -119.1926    
    48.97275       -119.0283    
    48.96940       -118.8640    
    48.96582       -118.6997    
    48.96201       -118.5354    

    49.06984       -124.1306    
    49.07366       -123.9660    
    49.07725       -123.8014    
    49.08060       -123.6367    
    49.08373       -123.4720    
    49.08662       -123.3073    
    49.08928       -123.1426    
    49.09172       -122.9779    
    49.09391       -122.8131    
    49.09588       -122.6484    
    49.09762       -122.4836    
    49.09912       -122.3188    
    49.10040       -122.1540    
    49.10144       -121.9892    
    49.10225       -121.8244    
    49.10283       -121.6596    
    49.10318       -121.4948    
    49.10329       -121.3300    
    49.10318       -121.1652    
    49.10283       -121.0004    
    49.10225       -120.8356    
    49.10144       -120.6708    
    49.10040       -120.5060    
    49.09912       -120.3412    
    49.09762       -120.1764    
    49.09588       -120.0116    
    49.09391       -119.8469    
    49.09172       -119.6821    
    49.08928       -119.5174    
    49.08662       -119.3527    
    49.08373       -119.1880    
    49.08060       -119.0233    
    49.07725       -118.8586    
    49.07366       -118.6940    
    49.06984       -118.5294    

    49.17768       -124.1366    
    49.18150       -123.9716    
    49.18509       -123.8067    
    49.18846       -123.6417    
    49.19159       -123.4766    
    49.19449       -123.3116    
    49.19716       -123.1465    
    49.19959       -122.9814    
    49.20179       -122.8163    
    49.20377       -122.6512    
    49.20551       -122.4861    
    49.20702       -122.3210    
    49.20829       -122.1558    
    49.20933       -121.9907    
    49.21014       -121.8255    
    49.21073       -121.6603    
    49.21107       -121.4952    
    49.21119       -121.3300    
    49.21107       -121.1648    
    49.21073       -120.9997    
    49.21014       -120.8345    
    49.20933       -120.6693    
    49.20829       -120.5042    
    49.20702       -120.3391    
    49.20551       -120.1739    
    49.20377       -120.0088    
    49.20179       -119.8437    
    49.19959       -119.6786    
    49.19716       -119.5135    
    49.19449       -119.3484    
    49.19159       -119.1834    
    49.18846       -119.0183    
    49.18509       -118.8533    
    49.18150       -118.6884    
    49.17768       -118.5234    

    49.28550       -124.1426    
    49.28933       -123.9773    
    49.29294       -123.8120    
    49.29631       -123.6466    
    49.29944       -123.4813    
    49.30235       -123.3159    
    49.30502       -123.1504    
    49.30746       -122.9850    
    49.30967       -122.8195    
    49.31165       -122.6541    
    49.31339       -122.4886    
    49.31490       -122.3231    
    49.31618       -122.1576    
    49.31723       -121.9921    
    49.31804       -121.8266    
    49.31862       -121.6610    
    49.31897       -121.4955    
    49.31909       -121.3300    
    49.31897       -121.1645    
    49.31862       -120.9990    
    49.31804       -120.8334    
    49.31723       -120.6679    
    49.31618       -120.5024    
    49.31490       -120.3369    
    49.31339       -120.1714    
    49.31165       -120.0060    
    49.30967       -119.8405    
    49.30746       -119.6750    
    49.30502       -119.5096    
    49.30235       -119.3441    
    49.29944       -119.1787    
    49.29631       -119.0134    
    49.29294       -118.8480    
    49.28933       -118.6827    
    49.28550       -118.5174    

    49.39332       -124.1487    
    49.39716       -123.9830    
    49.40078       -123.8174    
    49.40415       -123.6516    
    49.40730       -123.4859    
    49.41021       -123.3201    
    49.41289       -123.1544    
    49.41533       -122.9886    
    49.41755       -122.8228    
    49.41953       -122.6569    
    49.42127       -122.4911    
    49.42279       -122.3252    
    49.42407       -122.1594    
    49.42512       -121.9935    
    49.42593       -121.8276    
    49.42651       -121.6618    
    49.42686       -121.4959    
    49.42698       -121.3300    
    49.42686       -121.1641    
    49.42651       -120.9982    
    49.42593       -120.8324    
    49.42512       -120.6665    
    49.42407       -120.5006    
    49.42279       -120.3348    
    49.42127       -120.1689    
    49.41953       -120.0031    
    49.41755       -119.8372    
    49.41533       -119.6714    
    49.41289       -119.5056    
    49.41021       -119.3399    
    49.40730       -119.1741    
    49.40415       -119.0084    
    49.40078       -118.8427    
    49.39716       -118.6770    
    49.39332       -118.5113    

    49.50114       -124.1548    
    49.50499       -123.9888    
    49.50861       -123.8227    
    49.51200       -123.6566    
    49.51515       -123.4905    
    49.51807       -123.3244    
    49.52075       -123.1583    
    49.52320       -122.9922    
    49.52542       -122.8260    
    49.52740       -122.6598    
    49.52915       -122.4936    
    49.53067       -122.3274    
    49.53196       -122.1612    
    49.53300       -121.9949    
    49.53382       -121.8287    
    49.53441       -121.6625    
    49.53476       -121.4962    
    49.53487       -121.3300    
    49.53476       -121.1638    
    49.53441       -120.9975    
    49.53382       -120.8313    
    49.53300       -120.6651    
    49.53196       -120.4988    
    49.53067       -120.3326    
    49.52915       -120.1664    
    49.52740       -120.0002    
    49.52542       -119.8340    
    49.52320       -119.6678    
    49.52075       -119.5017    
    49.51807       -119.3356    
    49.51515       -119.1695    
    49.51200       -119.0034    
    49.50861       -118.8373    
    49.50499       -118.6712    
    49.50114       -118.5052    

    49.60896       -124.1609    
    49.61282       -123.9945    
    49.61644       -123.8281    
    49.61983       -123.6617    
    49.62299       -123.4952    
    49.62591       -123.3288    
    49.62860       -123.1623    
    49.63106       -122.9958    
    49.63328       -122.8292    
    49.63527       -122.6627    
    49.63703       -122.4961    
    49.63855       -122.3296    
    49.63983       -122.1630    
    49.64089       -121.9964    
    49.64171       -121.8298    
    49.64229       -121.6632    
    49.64264       -121.4966    
    49.64276       -121.3300    
    49.64264       -121.1634    
    49.64229       -120.9968    
    49.64171       -120.8302    
    49.64089       -120.6636    
    49.63983       -120.4970    
    49.63855       -120.3304    
    49.63703       -120.1639    
    49.63527       -119.9973    
    49.63328       -119.8308    
    49.63106       -119.6642    
    49.62860       -119.4977    
    49.62591       -119.3312    
    49.62299       -119.1648    
    49.61983       -118.9983    
    49.61644       -118.8319    
    49.61282       -118.6655    
    49.60896       -118.4991    

    49.71677       -124.1671    
    49.72063       -124.0003    
    49.72427       -123.8336    
    49.72766       -123.6667    
    49.73082       -123.4999    
    49.73375       -123.3331    
    49.73645       -123.1662    
    49.73892       -122.9994    
    49.74114       -122.8325    
    49.74313       -122.6656    
    49.74489       -122.4987    
    49.74641       -122.3317    
    49.74771       -122.1648    
    49.74876       -121.9978    
    49.74958       -121.8309    
    49.75017       -121.6639    
    49.75052       -121.4970    
    49.75064       -121.3300    
    49.75052       -121.1630    
    49.75017       -120.9961    
    49.74958       -120.8291    
    49.74876       -120.6622    
    49.74771       -120.4952    
    49.74641       -120.3283    
    49.74489       -120.1613    
    49.74313       -119.9944    
    49.74114       -119.8275    
    49.73892       -119.6606    
    49.73645       -119.4938    
    49.73375       -119.3269    
    49.73082       -119.1601    
    49.72766       -118.9933    
    49.72427       -118.8264    
    49.72063       -118.6597    
    49.71677       -118.4929    

    49.82457       -124.1732    
    49.82844       -124.0061    
    49.83208       -123.8390    
    49.83549       -123.6718    
    49.83866       -123.5047    
    49.84159       -123.3375    
    49.84430       -123.1703    
    49.84676       -123.0030    
    49.84900       -122.8358    
    49.85099       -122.6685    
    49.85276       -122.5012    
    49.85428       -122.3339    
    49.85558       -122.1666    
    49.85663       -121.9993    
    49.85746       -121.8320    
    49.85804       -121.6646    
    49.85839       -121.4973    
    49.85851       -121.3300    
    49.85839       -121.1627    
    49.85804       -120.9954    
    49.85746       -120.8280    
    49.85663       -120.6607    
    49.85558       -120.4934    
    49.85428       -120.3261    
    49.85276       -120.1588    
    49.85099       -119.9915    
    49.84900       -119.8242    
    49.84676       -119.6570    
    49.84430       -119.4897    
    49.84159       -119.3225    
    49.83866       -119.1553    
    49.83549       -118.9882    
    49.83208       -118.8210    
    49.82844       -118.6539    
    49.82457       -118.4868    

    49.93237       -124.1794    
    49.93624       -124.0120    
    49.93990       -123.8445    
    49.94331       -123.6770    
    49.94648       -123.5094    
    49.94942       -123.3419    
    49.95214       -123.1743    
    49.95461       -123.0067    
    49.95684       -122.8391    
    49.95885       -122.6714    
    49.96061       -122.5038    
    49.96214       -122.3361    
    49.96344       -122.1684    
    49.96449       -122.0008    
    49.96532       -121.8331    
    49.96591       -121.6654    
    49.96626       -121.4977    
    49.96638       -121.3300    
    49.96626       -121.1623    
    49.96591       -120.9946    
    49.96532       -120.8269    
    49.96449       -120.6592    
    49.96344       -120.4916    
    49.96214       -120.3239    
    49.96061       -120.1563    
    49.95885       -119.9886    
    49.95684       -119.8210    
    49.95461       -119.6534    
    49.95214       -119.4857    
    49.94942       -119.3181    
    49.94648       -119.1506    
    49.94331       -118.9830    
    49.93990       -118.8155    
    49.93624       -118.6480    
    49.93237       -118.4806    

    50.04015       -124.1857    
    50.04404       -124.0179    
    50.04770       -123.8500    
    50.05112       -123.6821    
    50.05430       -123.5142    
    50.05725       -123.3463    
    50.05997       -123.1783    
    50.06244       -123.0103    
    50.06469       -122.8423    
    50.06669       -122.6743    
    50.06846       -122.5063    
    50.06999       -122.3383    
    50.07129       -122.1703    
    50.07236       -122.0022    
    50.07318       -121.8342    
    50.07377       -121.6661    
    50.07412       -121.4980    
    50.07424       -121.3300    
    50.07412       -121.1620    
    50.07377       -120.9939    
    50.07318       -120.8258    
    50.07236       -120.6578    
    50.07129       -120.4897    
    50.06999       -120.3217    
    50.06846       -120.1537    
    50.06669       -119.9857    
    50.06469       -119.8177    
    50.06244       -119.6497    
    50.05997       -119.4817    
    50.05725       -119.3138    
    50.05430       -119.1458    
    50.05112       -118.9779    
    50.04770       -118.8100    
    50.04404       -118.6422    
    50.04015       -118.4743    

    50.14793       -124.1920    
    50.15184       -124.0237    
    50.15550       -123.8555    
    50.15893       -123.6873    
    50.16212       -123.5190    
    50.16507       -123.3507    
    50.16779       -123.1823    
    50.17028       -123.0140    
    50.17252       -122.8456    
    50.17453       -122.6773    
    50.17630       -122.5089    
    50.17785       -122.3405    
    50.17915       -122.1721    
    50.18021       -122.0037    
    50.18103       -121.8353    
    50.18163       -121.6668    
    50.18198       -121.4984    
    50.18210       -121.3300    
    50.18198       -121.1616    
    50.18163       -120.9932    
    50.18103       -120.8247    
    50.18021       -120.6563    
    50.17915       -120.4879    
    50.17785       -120.3195    
    50.17630       -120.1511    
    50.17453       -119.9827    
    50.17252       -119.8144    
    50.17028       -119.6460    
    50.16779       -119.4777    
    50.16507       -119.3093    
    50.16212       -119.1411    
    50.15893       -118.9727    
    50.15550       -118.8045    
    50.15184       -118.6363    
    50.14793       -118.4680    

    50.25571       -124.1982    
    50.25962       -124.0297    
    50.26329       -123.8611    
    50.26673       -123.6924    
    50.26993       -123.5238    
    50.27289       -123.3551    
    50.27561       -123.1864    
    50.27810       -123.0177    
    50.28035       -122.8490    
    50.28237       -122.6802    
    50.28414       -122.5115    
    50.28568       -122.3427    
    50.28698       -122.1740    
    50.28805       -122.0052    
    50.28888       -121.8364    
    50.28947       -121.6676    
    50.28983       -121.4988    
    50.28995       -121.3300    
    50.28983       -121.1612    
    50.28947       -120.9924    
    50.28888       -120.8236    
    50.28805       -120.6548    
    50.28698       -120.4861    
    50.28568       -120.3173    
    50.28414       -120.1485    
    50.28237       -119.9798    
    50.28035       -119.8110    
    50.27810       -119.6423    
    50.27561       -119.4736    
    50.27289       -119.3049    
    50.26993       -119.1362    
    50.26673       -118.9676    
    50.26329       -118.7990    
    50.25962       -118.6303    
    50.25571       -118.4618    

    50.36348       -124.2045    
    50.36740       -124.0356    
    50.37107       -123.8666    
    50.37452       -123.6976    
    50.37772       -123.5286    
    50.38070       -123.3596    
    50.38342       -123.1905    
    50.38591       -123.0214    
    50.38817       -122.8523    
    50.39019       -122.6832    
    50.39197       -122.5141    
    50.39351       -122.3450    
    50.39482       -122.1758    
    50.39589       -122.0067    
    50.39672       -121.8375    
    50.39732       -121.6683    
    50.39767       -121.4992    
    50.39779       -121.3300    
    50.39767       -121.1608    
    50.39732       -120.9917    
    50.39672       -120.8225    
    50.39589       -120.6534    
    50.39482       -120.4842    
    50.39351       -120.3150    
    50.39197       -120.1459    
    50.39019       -119.9768    
    50.38817       -119.8077    
    50.38591       -119.6386    
    50.38342       -119.4695    
    50.38070       -119.3004    
    50.37772       -119.1314    
    50.37452       -118.9624    
    50.37107       -118.7934    
    50.36740       -118.6244    
    50.36348       -118.4555    

    50.47124       -124.2109    
    50.47517       -124.0416    
    50.47886       -123.8722    
    50.48230       -123.7029    
    50.48551       -123.5334    
    50.48849       -123.3640    
    50.49123       -123.1946    
    50.49372       -123.0251    
    50.49598       -122.8557    
    50.49800       -122.6862    
    50.49979       -122.5167    
    50.50134       -122.3472    
    50.50265       -122.1777    
    50.50372       -122.0081    
    50.50455       -121.8386    
    50.50515       -121.6691    
    50.50550       -121.4995    
    50.50562       -121.3300    
    50.50550       -121.1605    
    50.50515       -120.9909    
    50.50455       -120.8214    
    50.50372       -120.6519    
    50.50265       -120.4823    
    50.50134       -120.3128    
    50.49979       -120.1433    
    50.49800       -119.9738    
    50.49598       -119.8043    
    50.49372       -119.6349    
    50.49123       -119.4654    
    50.48849       -119.2960    
    50.48551       -119.1266    
    50.48230       -118.9572    
    50.47886       -118.7878    
    50.47517       -118.6184    
    50.47124       -118.4491    

    50.57899       -124.2173    
    50.58293       -124.0475    
    50.58662       -123.8778    
    50.59008       -123.7081    
    50.59330       -123.5383    
    50.59628       -123.3685    
    50.59902       -123.1987    
    50.60152       -123.0289    
    50.60379       -122.8591    
    50.60581       -122.6892    
    50.60760       -122.5193    
    50.60915       -122.3495    
    50.61047       -122.1796    
    50.61154       -122.0096    
    50.61237       -121.8398    
    50.61297       -121.6698    
    50.61333       -121.4999    
    50.61345       -121.3300    
    50.61333       -121.1601    
    50.61297       -120.9902    
    50.61237       -120.8203    
    50.61154       -120.6504    
    50.61047       -120.4804    
    50.60915       -120.3105    
    50.60760       -120.1407    
    50.60581       -119.9708    
    50.60379       -119.8009    
    50.60152       -119.6311    
    50.59902       -119.4613    
    50.59628       -119.2915    
    50.59330       -119.1217    
    50.59008       -118.9519    
    50.58662       -118.7822    
    50.58293       -118.6125    
    50.57899       -118.4427    

