    50.31775    
    161.2174    
    248.1659    
    422.4070    
    478.2772    
    346.5345    
    368.9372    
    262.7886    
    59.38113    
    62.76132    
    187.5342    
    492.7650    
    780.9224    
    703.0551    
    561.7011    
    620.1146    
    512.1887    
    483.8947    
    586.5801    
    533.3576    
    512.2818    
    560.8638    
    525.2213    
    483.6375    
    485.1971    
    368.2087    
    216.5380    
    147.3895    
    137.7990    
    163.2931    
    175.3833    
    184.3611    
    271.5164    
    402.6864    
    489.1471    
    512.5449    

    45.18960    
    199.0467    
    300.4035    
    318.8196    
    318.0244    
    276.6711    
    318.3856    
    234.2700    
    107.4052    
    180.7825    
    231.1625    
    377.0905    
    720.1340    
    809.3530    
    912.8907    
    1025.777    
    732.0729    
    599.7732    
    629.9892    
    605.1822    
    761.2516    
    891.5971    
    857.0460    
    855.9523    
    818.2399    
    628.2623    
    355.5217    
    169.1159    
    115.0281    
    129.0078    
    146.4475    
    166.4890    
    247.0246    
    407.0059    
    527.6479    
    517.4923    

   0.8013079    
    103.7139    
    274.6992    
    358.3524    
    325.0881    
    265.2512    
    267.8346    
    178.9823    
    183.9071    
    323.2502    
    415.4853    
    460.6984    
    580.4923    
    713.6726    
    1020.403    
    1163.924    
    922.5823    
    797.4635    
    664.1573    
    701.5620    
    1099.338    
    1214.862    
    991.4532    
    978.1577    
    927.6439    
    755.4534    
    535.1631    
    295.1656    
    202.1447    
    229.7451    
    285.8578    
    336.3055    
    325.2490    
    334.6989    
    349.4614    
    290.4984    

    0.000000    
    25.10049    
    108.5393    
    259.6273    
    283.3603    
    177.0506    
    144.7975    
    123.7168    
    224.1695    
    405.4051    
    633.7169    
    822.3514    
    829.8196    
    741.3326    
    892.5444    
    1088.240    
    1452.797    
    1431.055    
    919.9392    
    856.0157    
    1088.553    
    1134.046    
    804.1171    
    696.2373    
    670.8997    
    536.6930    
    450.2835    
    361.9467    
    326.8457    
    386.0924    
    425.2249    
    391.8379    
    273.2532    
    200.4915    
    217.1815    
    214.4026    

    1.055162    
    22.62131    
    33.97318    
    65.53197    
    99.69466    
    149.3782    
    219.7720    
    168.8460    
    189.2280    
    385.8307    
    632.5435    
    939.7134    
    1140.854    
    1078.131    
    1044.165    
    1119.601    
    1613.934    
    1618.889    
    1165.195    
    1120.172    
    963.4743    
    810.2720    
    616.1837    
    450.8663    
    359.0736    
    253.3197    
    238.7452    
    306.2111    
    350.3923    
    351.9609    
    290.1077    
    196.7161    
    136.5634    
    158.8574    
    249.7354    
    309.7919    

    7.754518    
    76.58521    
    91.88133    
    84.93240    
    235.4377    
    378.9991    
    351.6364    
    187.6520    
    118.8315    
    270.7422    
    517.6550    
    773.2383    
    1051.112    
    1117.317    
    1036.555    
    1127.225    
    1310.766    
    1384.436    
    1362.724    
    1294.166    
    866.1743    
    456.2661    
    364.4810    
    297.3654    
    253.0573    
    252.3038    
    308.2401    
    468.6007    
    548.1568    
    340.5883    
    148.4584    
    143.9678    
    168.3972    
    206.2157    
    259.7835    
    316.9355    

    4.341955    
    79.08048    
    184.9291    
    258.0174    
    410.4970    
    488.0969    
    313.7360    
    139.5408    
    98.79314    
    181.4556    
    354.8427    
    517.7541    
    656.4601    
    656.2501    
    673.2852    
    1006.798    
    1370.971    
    1529.869    
    1605.675    
    1441.053    
    901.1016    
    461.0878    
    331.0956    
    283.1230    
    315.0190    
    434.4830    
    536.6232    
    573.9085    
    510.6620    
    292.5101    
    140.3170    
    189.3699    
    231.1635    
    258.3393    
    298.0608    
    340.9154    

    0.000000    
    52.20795    
    188.8190    
    254.1276    
    304.5101    
    318.0235    
    207.4256    
    129.1732    
    126.5071    
    191.0861    
    363.5161    
    498.6919    
    583.8048    
    667.5206    
    813.3444    
    883.4984    
    1183.358    
    1517.399    
    1477.495    
    1380.544    
    1063.851    
    667.5075    
    428.8002    
    389.8172    
    535.9379    
    752.9030    
    722.6412    
    416.1125    
    203.8639    
    151.5659    
    175.9745    
    231.0404    
    256.3057    
    292.8468    
    353.7507    
    369.6420    

    0.000000    
    41.82691    
    100.9847    
    123.0546    
    236.1044    
    236.0738    
    125.3275    
    106.7806    
    141.2576    
    323.6508    
    588.2623    
    703.0954    
    734.6488    
    884.3242    
    1027.932    
    915.6660    
    1002.626    
    1388.727    
    1427.620    
    1343.825    
    1118.150    
    699.9605    
    464.1670    
    485.7236    
    694.5392    
    802.4681    
    554.2849    
    265.9309    
    184.6485    
    154.9174    
    230.8275    
    279.7420    
    280.0123    
    317.8933    
    375.2046    
    387.3558    

    15.91394    
    55.49332    
    82.73201    
    113.4735    
    219.2480    
    205.9875    
    93.23548    
    89.37634    
    145.5657    
    310.9819    
    452.7847    
    503.5828    
    590.9321    
    821.5453    
    1404.135    
    1656.400    
    1377.470    
    1403.154    
    1569.473    
    1334.838    
    1007.377    
    835.9285    
    683.9370    
    623.0266    
    723.0049    
    696.0532    
    383.3553    
    273.0492    
    306.4515    
    254.7732    
    269.0437    
    306.9357    
    340.5269    
    358.9539    
    391.4464    
    439.7714    

    15.13506    
    59.00664    
    89.31364    
    110.5376    
    133.6231    
    170.5770    
    152.1983    
    94.15055    
    119.0619    
    156.4135    
    158.6925    
    212.2330    
    475.0281    
    834.4330    
    1544.090    
    1945.611    
    1623.359    
    1464.086    
    1421.225    
    1178.723    
    1062.242    
    1026.370    
    786.7740    
    612.7130    
    691.2372    
    671.4949    
    415.6485    
    361.6095    
    389.8557    
    348.4180    
    306.5987    
    321.2612    
    389.4810    
    416.0308    
    455.9984    
    509.8279    

    3.121026    
    37.56312    
    75.58940    
    92.33664    
    88.21374    
    173.3453    
    245.5601    
    126.0685    
    59.87082    
    90.36761    
    114.0378    
    160.0950    
    324.3932    
    641.0303    
    1120.316    
    1375.633    
    1377.996    
    1446.910    
    1289.117    
    1265.190    
    1337.726    
    1003.193    
    618.5236    
    514.6931    
    722.4419    
    662.6360    
    387.0229    
    361.6035    
    359.1737    
    348.0563    
    333.5834    
    342.6353    
    390.1485    
    433.7030    
    493.2151    
    536.6424    

    17.17651    
    49.32119    
    78.78421    
    88.32191    
    82.32310    
    139.3849    
    173.6662    
    79.58108    
    19.88136    
    51.86739    
    96.96336    
    119.4768    
    179.4201    
    380.5644    
    759.6441    
    958.5057    
    1028.845    
    1231.928    
    1267.253    
    1221.575    
    1112.627    
    817.7153    
    706.0065    
    844.5744    
    1045.463    
    778.9827    
    382.2232    
    359.7599    
    359.6924    
    360.3165    
    347.4933    
    369.0930    
    395.1662    
    436.3759    
    508.3137    
    550.1112    

    41.94823    
    80.99081    
    114.5047    
    126.8127    
    118.8640    
    135.5325    
    98.46432    
    32.00788    
    15.84534    
    24.76525    
    59.79768    
    80.10573    
    107.2392    
    195.9262    
    478.1758    
    766.1434    
    906.7510    
    1045.825    
    1092.234    
    946.5131    
    771.0450    
    802.0873    
    1163.911    
    1459.945    
    1336.244    
    767.7213    
    367.6657    
    397.4719    
    397.4084    
    383.9584    
    370.4540    
    404.3701    
    447.7595    
    482.0519    
    537.1827    
    581.3024    

    66.73065    
    119.1301    
    201.2738    
    259.2908    
    322.0349    
    238.6955    
    85.45176    
    54.53474    
    38.21440    
    29.46203    
    33.48635    
    50.71394    
    94.17600    
    152.2759    
    414.6059    
    747.7624    
    953.3268    
    1047.605    
    1007.013    
    1051.815    
    1082.924    
    1097.912    
    1302.759    
    1334.283    
    949.9104    
    530.8286    
    460.3900    
    595.1950    
    569.5522    
    426.3801    
    391.1455    
    437.4509    
    478.3975    
    507.3947    
    540.9095    
    583.9836    

    103.3232    
    133.0430    
    324.7524    
    547.7698    
    637.7217    
    463.8012    
    160.4527    
    74.86609    
    81.59801    
    71.37244    
    43.91234    
    40.44599    
    100.3889    
    208.8569    
    375.2771    
    621.1063    
    926.6465    
    1186.074    
    1234.260    
    1337.480    
    1585.085    
    1455.828    
    1023.839    
    660.4208    
    531.3938    
    632.0320    
    659.7819    
    632.9639    
    622.0764    
    500.7257    
    436.3690    
    460.4644    
    477.7054    
    505.4480    
    548.2289    
    598.0121    

    141.9568    
    323.0692    
    529.8911    
    685.6947    
    805.2793    
    862.5297    
    557.4556    
    148.0313    
    116.6261    
    112.2904    
    34.30233    
    29.26240    
    81.78694    
    181.6277    
    244.1537    
    521.9813    
    924.5056    
    1226.181    
    1430.697    
    1502.451    
    1666.139    
    1385.857    
    783.1801    
    646.7634    
    743.9468    
    850.8458    
    782.5624    
    602.2425    
    634.3512    
    591.8672    
    485.2870    
    500.0293    
    515.9553    
    541.9172    
    592.2764    
    641.6904    

    225.1783    
    468.3954    
    672.3298    
    808.4081    
    1025.753    
    1236.333    
    987.5312    
    370.1029    
    100.5473    
    71.79744    
    16.35588    
    20.59564    
    56.89422    
    75.25181    
    136.8282    
    526.3721    
    954.9897    
    996.4120    
    1184.432    
    1467.293    
    1600.601    
    1179.875    
    762.1879    
    945.1672    
    800.6246    
    757.4340    
    844.3548    
    722.8109    
    708.2993    
    670.5597    
    578.1166    
    559.2675    
    578.1383    
    598.3145    
    648.6191    
    683.9197    

    277.8310    
    478.4130    
    872.8328    
    1168.930    
    1221.238    
    1358.299    
    1335.157    
    763.0361    
    155.0447    
    25.39258    
    30.32347    
    43.81728    
    83.88445    
    88.94267    
    198.1820    
    493.5150    
    789.2266    
    853.3407    
    1017.330    
    1305.362    
    1399.777    
    985.0297    
    915.8974    
    1029.412    
    690.2771    
    620.4765    
    753.1821    
    794.2366    
    693.9283    
    685.4956    
    657.3196    
    650.1508    
    678.6615    
    664.1586    
    700.9980    
    718.7056    

    353.6506    
    574.5688    
    957.7049    
    1253.768    
    1257.524    
    1404.624    
    1462.099    
    913.9786    
    260.1817    
    42.15497    
    20.36595    
    54.71122    
    98.56653    
    100.4657    
    167.9840    
    443.9181    
    748.4550    
    944.1534    
    1170.627    
    1279.800    
    1152.098    
    954.7858    
    1177.252    
    1304.095    
    897.3698    
    607.9892    
    642.6982    
    732.8535    
    694.7551    
    660.7642    
    659.2113    
    657.4982    
    701.1718    
    695.2239    
    674.8550    
    676.2017    

    477.5579    
    676.0605    
    944.9261    
    1075.028    
    1087.095    
    1119.717    
    912.5480    
    561.4161    
    210.2166    
    42.00488    
    17.37038    
    36.12781    
    49.29687    
    79.62903    
    216.0268    
    509.6569    
    852.7872    
    1081.536    
    1288.104    
    1415.924    
    1329.788    
    1335.318    
    1483.224    
    1372.147    
    981.4885    
    907.7305    
    749.8392    
    576.4578    
    638.3182    
    615.5798    
    695.3903    
    679.8072    
    643.9100    
    646.4193    
    667.0693    
    695.9914    

    433.8490    
    580.3190    
    681.0948    
    589.9102    
    486.1525    
    418.0994    
    227.7981    
    136.9106    
    68.34110    
    23.96530    
    21.57541    
    38.21564    
    44.31126    
    112.0517    
    370.4476    
    716.5427    
    915.7589    
    1030.062    
    1395.900    
    1651.349    
    1615.984    
    1717.832    
    1512.148    
    1314.297    
    1316.675    
    1054.400    
    710.8892    
    484.8354    
    525.0595    
    597.2534    
    615.0637    
    620.1262    
    637.9971    
    710.0304    
    773.2246    
    774.6192    

    241.1787    
    199.9217    
    140.0714    
    75.10266    
    27.03019    
   0.1937836    
    0.000000    
    0.000000    
    4.595723    
    16.17123    
    17.99452    
    47.83632    
    59.69609    
    138.5400    
    411.7071    
    684.9418    
    797.8970    
    875.6557    
    1207.997    
    1536.847    
    1742.321    
    1754.441    
    1354.082    
    1635.045    
    1669.592    
    915.1784    
    753.4330    
    558.8298    
    522.6619    
    662.6085    
    591.6780    
    624.5553    
    700.0145    
    815.3075    
    877.3942    
    891.5768    

    47.95602    
    0.000000    
    0.000000    
    0.000000    
    0.000000    
    0.000000    
    0.000000    
    0.000000    
    0.000000    
    15.58983    
    21.17620    
    45.72634    
    144.4227    
    288.4542    
    553.4162    
    708.5537    
    585.2184    
    820.0298    
    1232.098    
    1480.352    
    1596.004    
    1339.078    
    1415.202    
    1715.127    
    1334.103    
    852.5220    
    897.1168    
    737.2589    
    576.1355    
    660.4147    
    739.6102    
    938.2576    
    937.0125    
    856.6696    
    986.7306    
    1080.412    

    0.000000    
    75.49275    
    132.1356    
    136.1829    
    75.81583    
    5.281408    
    1.307924    
    1.075490    
    1.616119    
    22.40581    
    25.32883    
    18.59859    
    229.4082    
    551.9185    
    790.7683    
    748.1042    
    482.7233    
    882.7126    
    1306.701    
    1477.063    
    1497.122    
    1358.507    
    1652.119    
    1549.085    
    1003.870    
    839.5353    
    1133.651    
    1046.733    
    576.1652    
    604.1399    
    976.8890    
    1209.314    
    1149.473    
    937.9182    
    1109.469    
    1220.962    

    305.1211    
    465.7099    
    465.1031    
    375.3069    
    193.6140    
    27.42867    
    14.17107    
    21.45579    
    10.01365    
    24.92867    
    19.72733    
    0.000000    
    219.3656    
    463.7129    
    532.3632    
    572.2924    
    603.5413    
    852.1358    
    1190.127    
    1493.077    
    1620.428    
    1717.042    
    1762.669    
    1414.458    
    905.4216    
    1071.556    
    1459.415    
    1139.330    
    596.5018    
    639.8301    
    1157.159    
    1256.562    
    1126.176    
    1015.118    
    1186.484    
    1350.418    

    519.5232    
    669.3517    
    618.1005    
    410.0129    
    153.2762    
    13.78870    
    9.278831    
    32.45805    
    58.59197    
    45.05528    
    41.30185    
    141.6673    
    291.4316    
    543.4504    
    650.0953    
    617.7562    
    856.6187    
    910.7569    
    1082.780    
    1402.431    
    1535.706    
    1733.368    
    1620.095    
    1385.954    
    1116.667    
    1332.845    
    1630.062    
    1186.479    
    669.6574    
    652.6080    
    991.0211    
    1138.964    
    1154.698    
    1041.063    
    1180.847    
    1446.184    

    526.7638    
    567.9588    
    478.3371    
    217.7073    
    87.69757    
    40.62550    
    7.257735    
    22.11723    
    45.41905    
    28.42814    
    45.02899    
    255.7981    
    337.7850    
    704.0822    
    1327.309    
    1086.281    
    935.5684    
    1207.508    
    1166.957    
    1116.173    
    1327.626    
    1684.369    
    1687.674    
    1648.636    
    1510.293    
    1507.360    
    1755.748    
    1407.371    
    761.0936    
    537.5306    
    893.0524    
    1223.899    
    1279.561    
    1089.328    
    1121.842    
    1441.978    

    495.0182    
    494.5030    
    422.1937    
    165.6732    
    78.32722    
    67.61493    
    15.31419    
    7.436994    
    0.000000    
    8.208603    
    21.22920    
    129.1209    
    295.4641    
    610.4066    
    1218.892    
    1312.830    
    1155.318    
    1404.949    
    1407.055    
    1130.156    
    1295.450    
    1677.667    
    1842.938    
    1898.590    
    1828.923    
    1773.779    
    1730.359    
    1330.540    
    789.2795    
    608.3900    
    987.6592    
    1291.451    
    1247.870    
    1110.201    
    1022.103    
    1322.346    

    621.3329    
    656.7331    
    484.9098    
    155.8918    
    19.78638    
    21.45745    
    4.564417    
    0.000000    
   0.4817733    
    27.60599    
    41.77905    
    31.37976    
    162.4396    
    579.4278    
    1033.437    
    1268.275    
    1406.484    
    1479.844    
    1471.480    
    1226.453    
    1364.186    
    1698.079    
    1694.741    
    1855.479    
    2049.456    
    2015.115    
    1874.219    
    1270.099    
    687.8563    
    689.9179    
    978.2654    
    1224.862    
    1098.033    
    1027.963    
    951.6254    
    1142.458    

    729.9720    
    583.6678    
    270.5467    
    31.85426    
    0.000000    
    0.000000    
    0.000000    
   0.2273294    
    9.673645    
    33.81702    
    62.58610    
    42.46497    
    56.23291    
    288.9269    
    711.6677    
    1057.719    
    1231.288    
    1364.182    
    1335.706    
    1260.659    
    1493.206    
    1631.074    
    1582.713    
    1728.490    
    1960.404    
    1948.656    
    1933.060    
    1376.285    
    611.9714    
    756.7378    
    1106.368    
    1121.397    
    984.7194    
    1032.449    
    990.5023    
    1021.613    

    593.5780    
    306.2832    
    55.92847    
    0.000000    
    2.759879    
    0.000000    
    2.667071    
    10.70896    
    24.67221    
    19.59963    
    47.23715    
    92.14025    
    180.7073    
    150.3128    
    122.5310    
    586.1151    
    1129.449    
    1325.569    
    1244.085    
    1263.583    
    1543.625    
    1581.968    
    1488.329    
    1652.002    
    1830.374    
    1658.103    
    1460.653    
    1225.240    
    722.5333    
    975.6926    
    1471.172    
    1164.506    
    1029.924    
    1151.070    
    1035.881    
    998.5047    

    321.2233    
    155.3602    
    19.36460    
    0.000000    
    0.000000    
    0.000000    
    0.000000    
    6.941610    
    72.33022    
    78.26770    
    208.9332    
    295.6320    
    424.7596    
    505.2993    
    202.7086    
    291.5088    
    914.7230    
    1207.625    
    1267.139    
    1416.214    
    1594.681    
    1606.811    
    1370.786    
    1516.001    
    1683.925    
    1454.417    
    1230.335    
    1078.159    
    778.3063    
    1081.979    
    1659.893    
    1332.266    
    1065.132    
    1267.011    
    1213.498    
    1097.179    

    6.806897    
    0.000000    
    0.000000    
    0.000000    
    11.12655    
    23.26218    
    194.5157    
    411.2853    
    360.6161    
    385.2694    
    520.2547    
    491.9046    
    628.5128    
    807.2290    
    468.3684    
    403.4413    
    697.3270    
    795.4023    
    1102.824    
    1460.196    
    1612.083    
    1528.305    
    1186.998    
    1155.065    
    1315.878    
    1414.404    
    1498.492    
    1127.897    
    841.8802    
    1258.018    
    1560.800    
    1337.040    
    1118.474    
    1411.203    
    1402.903    
    1207.031    

    14.12987    
    15.86933    
   0.1789804    
    206.7993    
    339.5454    
    103.8429    
    453.5624    
    906.4310    
    721.2338    
    752.5226    
    773.1189    
    694.8427    
    799.5378    
    924.9860    
    500.6887    
    586.1298    
    917.9647    
    763.3290    
    1038.339    
    1360.605    
    1463.958    
    1344.948    
    1022.570    
    1003.094    
    1335.242    
    1638.474    
    1624.852    
    1013.547    
    844.4180    
    1364.889    
    1419.570    
    1226.419    
    1180.405    
    1516.440    
    1461.981    
    1224.727    

    102.5742    
    72.43142    
    167.9770    
    501.5275    
    758.7136    
    502.0587    
    559.0056    
    910.3451    
    1034.658    
    880.4828    
    892.3590    
    1116.551    
    1114.089    
    941.4427    
    489.4714    
    729.7111    
    1103.858    
    951.5881    
    1161.657    
    1429.562    
    1352.912    
    1250.729    
    1163.462    
    1179.048    
    1525.025    
    1707.790    
    1405.052    
    788.4296    
    856.8948    
    1480.006    
    1420.052    
    1163.959    
    1114.042    
    1469.634    
    1630.047    
    1355.768    

    94.25938    
    94.37906    
    329.3569    
    670.0789    
    822.3453    
    885.4985    
    735.1548    
    705.0562    
    1204.616    
    1108.512    
    1167.183    
    1412.897    
    1011.115    
    867.0185    
    865.5203    
    1037.052    
    1180.304    
    959.7938    
    1244.496    
    1522.201    
    1335.712    
    1238.606    
    1289.657    
    1313.193    
    1384.614    
    1486.414    
    1185.289    
    707.8517    
    990.9872    
    1604.867    
    1487.227    
    1358.404    
    1293.525    
    1363.596    
    1703.426    
    1562.076    

    174.5904    
    129.2021    
    397.5403    
    870.5485    
    965.8707    
    1124.199    
    792.9364    
    772.7086    
    1352.485    
    1448.236    
    1481.543    
    1234.251    
    872.5326    
    1142.043    
    1329.662    
    1303.311    
    1203.198    
    953.3362    
    1257.640    
    1452.825    
    1292.856    
    1154.887    
    1208.948    
    1418.640    
    1496.134    
    1482.718    
    1202.629    
    795.8871    
    725.8997    
    1053.689    
    1245.308    
    1418.408    
    1538.845    
    1377.162    
    1596.598    
    1705.682    

    508.0751    
    417.5095    
    520.9965    
    1017.366    
    1258.763    
    1203.317    
    740.2490    
    1157.784    
    1646.091    
    1629.312    
    1463.829    
    1005.105    
    1231.369    
    1446.556    
    1224.827    
    1299.953    
    1089.369    
    1031.870    
    1369.530    
    1263.084    
    1187.658    
    1191.288    
    1160.914    
    1355.621    
    1592.531    
    1575.432    
    1379.230    
    1111.954    
    655.1652    
    598.4121    
    1090.726    
    1414.747    
    1659.530    
    1552.641    
    1582.492    
    1759.670    

    708.1626    
    783.2979    
    577.0484    
    888.2473    
    1423.757    
    1266.335    
    918.0183    
    1206.669    
    1612.935    
    1673.472    
    1233.136    
    1123.121    
    1559.457    
    1662.765    
    1464.554    
    1386.091    
    1059.430    
    1246.124    
    1551.687    
    1206.025    
    1035.882    
    1121.652    
    1131.403    
    1189.359    
    1357.308    
    1437.746    
    1518.300    
    1487.115    
    930.8558    
    736.9188    
    1231.218    
    1543.302    
    1789.303    
    1678.539    
    1557.722    
    1625.414    

    805.2328    
    958.8215    
    641.0241    
    733.6692    
    1307.407    
    1315.623    
    1216.781    
    1196.700    
    1400.724    
    1701.199    
    1219.979    
    1265.328    
    1722.833    
    1778.551    
    1925.782    
    1701.310    
    1261.266    
    1369.885    
    1519.488    
    1198.285    
    941.3497    
    980.5506    
    993.3173    
    992.4323    
    1070.616    
    1182.648    
    1466.445    
    1539.856    
    946.5665    
    705.9930    
    1133.507    
    1361.732    
    1526.438    
    1507.192    
    1378.905    
    1529.906    

    922.7006    
    1071.079    
    918.2166    
    1045.936    
    1211.107    
    1335.905    
    1467.170    
    1411.711    
    1270.018    
    1294.700    
    1128.958    
    1359.738    
    1827.531    
    1629.970    
    1695.456    
    1529.126    
    1088.635    
    1121.224    
    1114.959    
    1074.455    
    1109.562    
    1174.404    
    1106.917    
    994.3960    
    1051.660    
    1073.326    
    1335.255    
    1542.732    
    1030.189    
    555.5499    
    811.9305    
    953.6340    
    972.4105    
    1059.696    
    1139.305    
    1553.723    

    1114.835    
    1237.820    
    1369.608    
    1509.360    
    1304.749    
    1550.701    
    1810.248    
    1709.067    
    1233.568    
    887.4445    
    1244.845    
    1610.933    
    1882.791    
    1791.961    
    1751.705    
    1406.133    
    981.5059    
    926.4161    
    915.0515    
    1310.430    
    1373.570    
    1375.508    
    1394.484    
    1125.195    
    1151.162    
    1215.558    
    1224.999    
    1442.136    
    1235.693    
    647.4883    
    803.3196    
    1043.944    
    809.2781    
    882.5385    
    1103.067    
    1441.997    

    980.3268    
    1250.217    
    1627.342    
    1727.921    
    1383.034    
    1678.509    
    1888.601    
    1391.255    
    1190.420    
    1198.371    
    1311.073    
    1630.906    
    1829.417    
    1959.356    
    1937.157    
    1321.758    
    1223.543    
    1113.086    
    1027.336    
    1483.387    
    1370.456    
    1341.022    
    1478.923    
    1191.657    
    1088.651    
    1332.399    
    1180.062    
    1092.558    
    1163.180    
    797.5657    
    792.8514    
    1035.800    
    868.1041    
    1132.614    
    1325.661    
    1417.807    

    884.9514    
    1074.664    
    1490.987    
    1858.974    
    1673.256    
    1502.718    
    1434.044    
    1211.137    
    1503.214    
    1668.528    
    1284.687    
    1410.417    
    1716.045    
    1802.183    
    1457.253    
    1226.665    
    1494.674    
    1104.369    
    1065.799    
    1512.762    
    1351.227    
    1341.100    
    1358.633    
    1088.802    
    955.9328    
    989.1688    
    998.6235    
    1016.609    
    1138.275    
    980.6398    
    643.9879    
    792.8774    
    816.7520    
    1129.153    
    1426.929    
    1486.804    

    1345.922    
    1217.910    
    1422.356    
    1750.623    
    1642.794    
    1386.414    
    1589.872    
    1797.181    
    1845.927    
    1836.959    
    1848.491    
    1548.010    
    1317.119    
    1366.106    
    1050.204    
    1284.353    
    1639.677    
    1027.616    
    902.3115    
    1230.660    
    1077.430    
    971.4422    
    849.9608    
    732.4752    
    760.4280    
    784.8623    
    804.3693    
    1011.415    
    1324.698    
    1021.403    
    593.0552    
    1068.385    
    1093.309    
    960.0588    
    1389.042    
    1593.496    

