    8.500151    
    27.76724    
    37.68689    
    35.49649    
    37.22702    
    49.85476    
    79.14092    
    106.0990    
    102.4881    
    64.57191    
    20.75467    
    1.796601    
    0.000000    
   2.2906577E-02
   0.1053621    
   0.3604930    
    1.105352    
    2.146804    
    2.728141    
    2.349703    
    11.25643    
    37.83125    
    75.29435    
    117.6501    
    170.6449    
    211.7835    
    182.6563    
    133.8606    
    154.1618    
    187.0026    
    190.8124    
    203.3647    
    235.3780    
    284.0612    
    333.0961    
    373.8704    
    388.0591    
    359.3523    
    357.5718    
    410.2962    
    404.2219    
    372.7695    
    483.4198    
    704.3030    
    864.8906    
    906.5527    
    900.0812    
    938.0845    
    1023.442    
    1017.522    
    958.6813    

    3.156667    
    11.68408    
    17.51059    
    21.17344    
    32.99668    
    53.12815    
    76.70750    
    88.88783    
    68.17458    
    27.18952    
    3.517010    
   2.1406343E-02
   2.1406343E-02
   0.1511423    
   0.5912162    
    1.336019    
    2.299512    
    2.934498    
    3.046800    
    2.406208    
    4.998523    
    24.55968    
    76.59692    
    157.8840    
    244.7199    
    300.3087    
    262.5717    
    158.2357    
    130.1574    
    181.0243    
    238.0782    
    292.3222    
    304.1940    
    291.5284    
    298.9340    
    317.0823    
    329.8551    
    340.4135    
    383.9894    
    434.8160    
    403.0659    
    391.9470    
    526.8235    
    703.4153    
    805.2561    
    842.6063    
    921.0306    
    1026.840    
    1029.386    
    887.6032    
    818.5868    

   0.4272571    
    2.605665    
    7.596930    
    16.97432    
    28.86404    
    38.33349    
    44.17248    
    40.22800    
    22.94485    
    6.603188    
    1.484267    
   0.7545731    
   7.7812642E-02
   0.7744786    
    2.182187    
    2.981009    
    2.953991    
    2.943477    
    3.001741    
    2.912394    
    1.829528    
    18.69194    
    92.98090    
    225.9946    
    334.2517    
    347.3808    
    277.7010    
    162.6237    
    121.2375    
    190.7606    
    297.2738    
    413.7715    
    467.0247    
    442.2884    
    397.8962    
    368.6949    
    358.6367    
    357.4539    
    374.8468    
    395.6063    
    388.3516    
    409.6917    
    493.9927    
    567.1133    
    610.4876    
    680.5629    
    821.9186    
    957.7465    
    945.1569    
    790.6652    
    730.2911    

    0.000000    
   0.4252053    
    7.651918    
    28.47371    
    50.07152    
    57.69810    
    43.85617    
    16.21116    
    1.228578    
    3.163858    
    6.746841    
    3.715416    
    1.352095    
    4.899282    
    8.442566    
    7.551755    
    3.889908    
    2.520796    
    2.930188    
    3.022236    
    1.511744    
    13.70964    
    93.33376    
    246.7388    
    346.2302    
    308.4664    
    200.7894    
    112.1561    
    105.0407    
    167.2199    
    299.7800    
    497.2039    
    617.4324    
    604.8068    
    555.9359    
    537.4676    
    522.9594    
    481.3856    
    447.6770    
    446.9219    
    477.4662    
    515.0691    
    519.6506    
    561.4078    
    614.0052    
    596.2473    
    654.6705    
    773.0546    
    786.0930    
    746.0108    
    774.8829    

    0.000000    
    0.000000    
    8.185590    
    35.51483    
    70.91454    
    91.76641    
    68.69653    
    20.51542    
    0.000000    
    8.187984    
    18.55894    
    11.59385    
    3.516334    
    9.682559    
    15.77864    
    12.01484    
    4.618054    
    2.344764    
    2.869192    
    2.992808    
    1.716329    
    10.15618    
    75.60548    
    195.3939    
    258.6226    
    205.3655    
    110.9742    
    74.76350    
    95.94920    
    151.9654    
    307.1662    
    547.6820    
    723.3903    
    759.9830    
    751.5513    
    772.5848    
    764.2439    
    703.6510    
    657.4268    
    644.5874    
    667.8570    
    688.5798    
    634.7794    
    706.6524    
    841.7227    
    708.0348    
    564.1805    
    596.2479    
    645.7434    
    746.2972    
    898.5023    

    0.000000    
    0.000000    
    5.977907    
    26.16829    
    60.77524    
    85.74319    
    61.34214    
    16.18381    
    0.000000    
    15.40725    
    36.53130    
    25.60722    
    5.730842    
    7.478777    
    13.15893    
    9.389544    
    3.752116    
    2.728872    
    2.945231    
    2.761847    
    2.597553    
    21.82995    
    77.90018    
    139.8493    
    160.0258    
    118.2197    
    69.34067    
    72.62460    
    97.27870    
    172.3725    
    364.3961    
    600.7910    
    781.6345    
    876.2098    
    922.5687    
    963.4885    
    954.1525    
    905.5413    
    862.7651    
    799.8581    
    742.8605    
    710.4537    
    682.6245    
    798.7098    
    965.0921    
    839.4500    
    616.2704    
    592.5659    
    641.1074    
    691.1845    
    792.0856    

   1.2008814E-02
   1.2008814E-02
    3.847972    
    14.73942    
    35.18686    
    49.56469    
    31.76876    
    6.499481    
    2.074526    
    25.18458    
    53.88979    
    40.00843    
    9.408529    
    2.759285    
    5.378421    
    4.266772    
    2.964429    
    3.005291    
    3.001541    
    2.383437    
    4.583004    
    34.75510    
    89.13769    
    121.2579    
    118.7214    
    87.64383    
    61.27754    
    67.49341    
    95.71668    
    204.1925    
    432.7062    
    674.9865    
    847.5288    
    956.8234    
    1002.435    
    994.2429    
    973.4813    
    965.2980    
    908.8950    
    767.1558    
    646.8766    
    664.0807    
    777.9948    
    877.0575    
    896.8542    
    801.7975    
    726.6635    
    776.3164    
    798.0263    
    746.3047    
    705.6160    

   1.2008814E-02
   1.2008814E-02
    10.12935    
    28.93455    
    33.17057    
    22.72056    
    9.886017    
    1.530829    
    8.679391    
    40.24857    
    64.60261    
    43.48703    
    10.70861    
    1.641146    
    2.741868    
    2.841340    
    2.989343    
    2.993558    
    3.010204    
    2.384760    
    6.798640    
    32.52440    
    77.40031    
    106.1066    
    94.86639    
    68.35701    
    58.60124    
    59.32509    
    98.42810    
    251.0689    
    520.3494    
    795.2283    
    964.4474    
    1033.442    
    1019.828    
    924.2963    
    863.5433    
    865.8224    
    791.1831    
    635.0596    
    578.6051    
    759.3362    
    968.8940    
    937.7791    
    801.9023    
    781.9911    
    897.5403    
    978.3488    
    968.2357    
    983.9870    
    947.2117    

    0.000000    
    6.492901    
    38.78189    
    70.85860    
    54.86382    
    25.32087    
    13.89703    
    4.870375    
    15.31133    
    52.25406    
    63.70295    
    32.89866    
    6.879516    
    2.238694    
    2.961500    
    2.909757    
    2.903161    
    2.931816    
    3.265205    
    3.372949    
    7.914055    
    24.55226    
    52.11976    
    70.77972    
    63.41383    
    54.26209    
    57.85545    
    60.69234    
    113.6124    
    300.1290    
    614.4004    
    913.8922    
    1030.005    
    1022.552    
    1017.460    
    933.8380    
    793.4391    
    711.8195    
    618.3986    
    519.8140    
    603.6090    
    882.1593    
    1042.505    
    930.4620    
    834.0663    
    913.6141    
    1024.397    
    1048.851    
    1071.897    
    1133.210    
    1106.259    

    0.000000    
    12.60885    
    60.77417    
    95.64947    
    64.38046    
    34.77530    
    35.06247    
    19.40099    
    16.48878    
    45.57514    
    47.80518    
    18.32488    
    3.107767    
    2.736476    
    2.983505    
    3.159318    
    3.126459    
    3.119771    
    3.954031    
    4.875821    
    7.430601    
    17.77430    
    33.07700    
    37.30283    
    37.34933    
    49.14304    
    56.26197    
    71.00092    
    144.3067    
    329.6520    
    641.8973    
    918.1105    
    965.6315    
    919.9775    
    976.9393    
    993.2274    
    837.1337    
    627.2709    
    471.6513    
    464.8399    
    678.5790    
    938.2346    
    1027.170    
    976.0615    
    981.4689    
    1050.347    
    1003.752    
    967.9753    
    1090.521    
    1156.188    
    1083.588    

    1.687826    
    6.973525    
    41.11089    
    82.22136    
    83.06933    
    72.82222    
    65.42801    
    39.46791    
    23.64075    
    31.23065    
    26.21439    
    8.090474    
    1.670368    
    2.729446    
    4.925488    
    7.812705    
    8.358470    
    7.581682    
    6.857880    
    6.122125    
    6.074911    
    11.43154    
    21.80090    
    22.98704    
    25.51096    
    43.53878    
    52.54027    
    78.99092    
    160.4148    
    319.1409    
    592.8390    
    802.1954    
    799.6160    
    769.0238    
    849.7266    
    949.9544    
    865.1840    
    566.0193    
    366.0768    
    496.4079    
    776.0415    
    957.5016    
    1046.071    
    1066.385    
    1060.209    
    1086.322    
    986.5449    
    876.8101    
    984.9191    
    1121.412    
    1130.549    

    3.974198    
    1.980399    
    16.54969    
    65.16157    
    126.4758    
    152.1644    
    106.4889    
    46.76852    
    29.70469    
    24.16801    
    11.49585    
    2.638107    
   0.6404469    
    3.052241    
    11.02368    
    19.48425    
    21.80368    
    20.05353    
    14.40378    
    7.796393    
    5.735639    
    8.295372    
    13.72768    
    16.01677    
    20.11893    
    37.40169    
    61.88348    
    103.0315    
    160.0236    
    262.9619    
    448.5221    
    554.5150    
    526.3777    
    526.6215    
    616.3455    
    760.1787    
    726.4308    
    436.7470    
    327.5316    
    585.1736    
    834.5101    
    945.1859    
    1067.148    
    1077.570    
    1030.136    
    1076.500    
    1021.197    
    875.6653    
    846.9474    
    973.3654    
    1086.745    

    12.94251    
    7.071562    
    17.48300    
    70.76884    
    140.7617    
    169.8900    
    108.0837    
    36.01902    
    25.50932    
    18.17273    
    3.452272    
   0.4426698    
   0.2838119    
    6.251221    
    20.73685    
    32.74975    
    34.74809    
    29.07116    
    18.09716    
    8.034781    
    8.869670    
    15.64237    
    15.21123    
    11.60624    
    13.29380    
    27.00793    
    71.10056    
    127.9112    
    149.3810    
    170.2261    
    225.8675    
    247.6183    
    234.0268    
    251.8815    
    321.0983    
    431.4044    
    420.7604    
    285.3991    
    341.3195    
    636.1530    
    844.5757    
    924.7873    
    1072.961    
    1062.167    
    970.8203    
    1011.373    
    975.1583    
    860.9332    
    733.3403    
    748.6196    
    855.2706    

    20.36728    
    13.80030    
    33.74147    
    91.76035    
    120.7329    
    108.5060    
    59.32908    
    21.55472    
    23.55140    
    13.53376    
   0.1208286    
    0.000000    
    2.844517    
    15.69483    
    34.67709    
    44.62711    
    38.48011    
    23.33553    
    11.52063    
    6.010489    
    11.36081    
    24.55369    
    24.22188    
    13.61396    
    10.04144    
    16.96442    
    48.79335    
    86.90744    
    89.78854    
    75.69327    
    70.06417    
    69.09034    
    73.23040    
    85.20634    
    106.5501    
    138.4157    
    137.5257    
    147.0126    
    285.2923    
    559.5939    
    770.6787    
    856.0768    
    997.8267    
    973.8081    
    805.5402    
    763.0362    
    720.8376    
    644.3717    
    542.3090    
    517.9388    
    548.1488    

    10.23841    
    11.80649    
    40.76060    
    90.13263    
    92.56854    
    55.15934    
    19.35686    
    8.776467    
    14.60983    
    7.678871    
    0.000000    
    0.000000    
    6.679322    
    25.36178    
    44.75974    
    48.66265    
    31.96038    
    12.41769    
    5.789211    
    5.362124    
    8.806732    
    19.48746    
    23.82561    
    15.64336    
    10.12423    
    14.17414    
    26.39728    
    35.45274    
    33.65615    
    30.07167    
    27.78752    
    28.27810    
    33.57293    
    38.65365    
    41.69155    
    42.68194    
    42.03403    
    60.42028    
    153.5358    
    339.2510    
    498.6610    
    592.3486    
    671.8053    
    616.2443    
    465.3171    
    381.2319    
    338.1600    
    308.2663    
    287.9257    
    288.6080    
    279.4253    

    1.133429    
    5.129725    
    21.70476    
    48.40257    
    53.18975    
    29.59012    
    7.094471    
    1.363501    
    2.721490    
    1.373210    
   1.9482523E-02
    0.000000    
    6.509660    
    21.40788    
    33.73124    
    32.88181    
    17.95307    
    6.461594    
    5.578624    
    6.618125    
    7.851900    
    11.65097    
    14.85758    
    13.23384    
    12.81111    
    20.62327    
    32.77265    
    35.89309    
    32.21600    
    32.36137    
    33.41772    
    32.74865    
    33.48075    
    35.12791    
    36.24105    
    37.68253    
    39.90643    
    38.67614    
    60.33152    
    118.3141    
    179.2791    
    230.5937    
    241.7907    
    200.4542    
    151.7641    
    116.6558    
    103.3654    
    110.6323    
    113.0150    
    127.6082    
    168.0551    

   0.6061592    
    1.174790    
    3.089458    
    11.12748    
    18.45663    
    13.20113    
    3.430155    
   7.9007991E-02
   6.2881470E-02
   0.1400230    
   7.8029081E-02
    0.000000    
    2.761655    
    8.376954    
    11.89264    
    10.69982    
    6.442472    
    4.990062    
    7.409573    
    10.38442    
    14.20914    
    18.17649    
    18.42675    
    19.88845    
    30.15316    
    44.35878    
    52.92656    
    50.96503    
    46.15906    
    47.74987    
    50.52051    
    49.58274    
    51.43360    
    52.19225    
    46.38729    
    42.79742    
    42.15617    
    40.70177    
    39.34328    
    43.83710    
    58.20362    
    67.35508    
    63.99892    
    61.87260    
    61.06815    
    56.57991    
    56.75539    
    61.38259    
    55.76480    
    76.11433    
    139.5294    

    3.286606    
    3.345247    
    1.040123    
    4.634311    
    12.30868    
    10.60988    
    9.177208    
    10.98903    
    4.810214    
   0.1872541    
   0.1243726    
   5.1042240E-02
   0.8387369    
    2.283014    
    2.812917    
    2.589187    
    2.953319    
    6.480006    
    15.65974    
    23.75473    
    30.61622    
    39.33480    
    53.11510    
    69.54446    
    75.62069    
    79.10612    
    77.15907    
    63.90891    
    58.29366    
    72.89285    
    98.33794    
    109.7400    
    114.6433    
    124.5382    
    117.9348    
    97.38625    
    78.29495    
    67.61002    
    64.13782    
    66.28363    
    76.55176    
    82.73313    
    89.37684    
    103.6556    
    111.9994    
    104.2527    
    83.39153    
    70.43663    
    75.38547    
    97.32839    
    121.8231    

    44.05214    
    22.54062    
    1.040123    
    8.173102    
    22.92636    
    25.39768    
    25.45225    
    23.52229    
    8.714464    
   6.2452242E-02
   6.2452242E-02
   0.2601875    
    1.264006    
    2.367475    
    2.762885    
    2.770035    
    2.767237    
    10.93068    
    33.19191    
    49.67157    
    51.85345    
    53.30657    
    77.20110    
    109.0617    
    108.0841    
    101.2548    
    99.15001    
    83.80071    
    92.56757    
    165.9646    
    260.5644    
    289.1117    
    291.3934    
    335.6360    
    352.9762    
    285.0211    
    186.0701    
    138.1439    
    132.3770    
    132.4841    
    142.8232    
    146.9288    
    149.2423    
    167.2833    
    190.5696    
    198.7722    
    178.2911    
    156.3507    
    160.1089    
    176.0216    
    183.7845    

    139.9762    
    90.77777    
    13.49550    
    8.024797    
    24.71150    
    31.08480    
    24.89334    
    14.46237    
    4.006525    
   3.9392758E-02
   1.7042639E-02
   0.4499792    
    1.329668    
    1.744801    
    2.015438    
    2.253555    
    4.681620    
    21.05438    
    53.28754    
    74.36094    
    68.87262    
    56.74343    
    62.05631    
    79.71148    
    89.90322    
    95.97177    
    101.7167    
    107.3364    
    166.4537    
    345.1564    
    539.9951    
    597.7517    
    612.6304    
    683.4388    
    690.3785    
    525.5875    
    309.0201    
    237.9704    
    260.8922    
    262.4803    
    261.5344    
    267.1037    
    264.8313    
    260.6723    
    278.4872    
    319.6775    
    348.9502    
    347.3827    
    318.1863    
    298.5659    
    305.3367    

    228.7083    
    172.2924    
    40.51817    
    6.671896    
    18.39310    
    17.89382    
    8.022715    
    1.869743    
   0.1232167    
   0.2421401    
   0.2597470    
   0.4265294    
   0.6366863    
   0.5440707    
   0.6990187    
    1.946443    
    11.35270    
    34.82281    
    63.37410    
    81.58936    
    78.93113    
    66.07193    
    57.05408    
    55.75357    
    65.06472    
    73.20386    
    80.74834    
    137.0416    
    289.5620    
    545.0870    
    792.7422    
    897.1676    
    926.2584    
    929.2910    
    812.3419    
    552.9584    
    346.2043    
    370.5441    
    474.2908    
    490.2119    
    478.3002    
    504.5643    
    506.8591    
    465.2891    
    462.9424    
    521.4760    
    594.5105    
    625.4467    
    567.5097    
    524.5315    
    526.0020    

    236.7487    
    156.0702    
    34.47092    
    4.621241    
    10.32936    
    5.871474    
   0.1765115    
   3.2793947E-02
   0.1544276    
   0.4184972    
   0.4456249    
   0.2434697    
   9.9692568E-02
   1.8137369E-02
    0.000000    
    1.453180    
    18.37981    
    53.86548    
    79.41745    
    84.37413    
    78.42352    
    72.53734    
    70.78146    
    65.80358    
    67.13822    
    68.87623    
    68.05036    
    162.2403    
    390.6964    
    683.6647    
    943.3988    
    1035.785    
    990.7354    
    865.9885    
    637.9432    
    402.4224    
    324.9072    
    436.0912    
    583.6808    
    644.4500    
    675.7715    
    741.8627    
    742.7313    
    676.0455    
    670.9890    
    751.3964    
    860.2792    
    934.8791    
    886.0626    
    840.9150    
    812.5363    

    160.4775    
    78.05724    
    7.448245    
    1.424594    
    2.784932    
    1.360338    
   1.3153255E-02
   4.1844152E-02
   9.9294484E-02
   0.2157499    
   0.2029205    
   5.8121972E-02
    0.000000    
   3.6454819E-02
   3.6454819E-02
    5.308532    
    36.38089    
    94.49844    
    130.2980    
    115.8889    
    84.90759    
    77.40778    
    103.6503    
    133.9569    
    152.0355    
    141.0896    
    99.02701    
    162.0976    
    396.9689    
    733.7320    
    1018.109    
    1033.402    
    849.3253    
    624.3422    
    398.6415    
    282.2650    
    300.7074    
    373.6573    
    458.6776    
    524.8596    
    596.0298    
    682.4498    
    684.8712    
    626.9762    
    642.3225    
    770.9528    
    943.8574    
    1095.876    
    1121.145    
    1085.906    
    976.3530    

    64.05350    
    30.11239    
    4.582726    
    2.713060    
    0.000000    
    2.300646    
    4.601249    
    2.329294    
   2.8690897E-02
    0.000000    
    0.000000    
    0.000000    
   0.1922888    
   0.2283958    
   3.6454819E-02
    39.68256    
    137.8663    
    208.3420    
    204.0905    
    156.0475    
    102.8971    
    96.49878    
    174.0681    
    286.0320    
    356.5794    
    330.2605    
    197.0820    
    159.1633    
    365.5503    
    739.4777    
    1028.832    
    975.7489    
    696.7386    
    418.5358    
    256.8180    
    275.5167    
    387.4063    
    474.8835    
    505.7423    
    497.0909    
    496.4598    
    522.3145    
    546.0508    
    558.3929    
    580.9686    
    658.4398    
    815.7852    
    1027.805    
    1165.041    
    1184.104    
    1012.883    

    10.82700    
    10.88925    
    11.32810    
    5.984490    
    0.000000    
    4.611009    
    9.222107    
    4.611098    
    0.000000    
    0.000000    
    0.000000    
   0.1125993    
   0.3044700    
    9.232787    
    26.35175    
    112.3418    
    301.1622    
    382.5975    
    275.6681    
    160.7829    
    109.0344    
    117.1342    
    229.6057    
    410.8203    
    564.3696    
    573.9543    
    355.0021    
    182.5424    
    341.5477    
    724.1705    
    979.5600    
    855.8345    
    529.4935    
    288.5219    
    262.7722    
    417.0400    
    624.4089    
    791.2814    
    856.2723    
    810.8128    
    683.1990    
    604.6404    
    689.9890    
    810.5412    
    809.9069    
    714.2230    
    717.7719    
    923.0500    
    1121.693    
    1190.550    
    1055.010    

   0.3357795    
    4.408928    
    7.520453    
    3.474507    
   2.7202312E-02
    2.310363    
    4.620858    
    2.336298    
   2.6106436E-02
    0.000000    
   1.8906398E-02
   0.1314354    
   0.6525602    
    62.23206    
    148.2918    
    211.0858    
    372.7620    
    453.6447    
    290.5225    
    145.5873    
    122.7401    
    131.1667    
    221.2283    
    422.7001    
    658.3805    
    746.9125    
    502.9167    
    223.7090    
    314.5139    
    678.3904    
    907.1978    
    740.1536    
    393.1539    
    237.4563    
    355.5304    
    579.6373    
    799.4548    
    982.9091    
    1086.998    
    1053.185    
    875.0699    
    803.4617    
    979.3216    
    1145.466    
    1116.854    
    899.3889    
    738.7654    
    900.9904    
    1093.618    
    1158.384    
    1140.179    

   0.3672650    
   0.9349842    
    1.053428    
   0.4814258    
    1.837041    
    6.910835    
    5.100996    
   4.9949344E-02
   5.0252404E-02
    0.000000    
   2.0761255E-02
   1.8906398E-02
    27.64159    
    174.4051    
    306.3640    
    287.5584    
    327.6888    
    357.0399    
    221.8235    
    149.8755    
    178.2983    
    161.4488    
    186.9910    
    340.9003    
    592.1187    
    746.7311    
    552.9130    
    242.6396    
    236.8612    
    523.7561    
    762.6358    
    664.9138    
    365.6064    
    251.2538    
    409.4884    
    656.1473    
    878.7494    
    1043.906    
    1117.241    
    1043.953    
    916.7962    
    996.3198    
    1208.408    
    1271.815    
    1197.658    
    976.5289    
    756.1641    
    852.5742    
    992.7939    
    1035.986    
    1134.242    

   3.1517196E-02
   0.1793905    
   0.4577081    
    20.86049    
    62.24385    
    59.82462    
    18.16292    
   5.2577831E-02
   5.2577831E-02
    0.000000    
    0.000000    
    2.649074    
    71.23738    
    248.9478    
    350.4636    
    286.8106    
    242.3164    
    219.6003    
    150.4544    
    192.3761    
    269.6160    
    206.5024    
    169.4917    
    237.8013    
    388.2405    
    531.8165    
    444.6875    
    213.0212    
    142.7629    
    308.0050    
    509.2139    
    498.3465    
    332.7062    
    280.7400    
    425.4424    
    712.0363    
    981.6751    
    1110.852    
    1112.262    
    998.6815    
    978.0500    
    1197.443    
    1341.342    
    1231.226    
    1073.662    
    882.7225    
    748.6685    
    846.2793    
    926.0430    
    945.9273    
    1062.217    

   4.4002332E-02
   0.2233612    
    6.510989    
    88.76734    
    182.7913    
    118.9695    
    18.61388    
   2.9508624E-02
   2.9508624E-02
    0.000000    
    0.000000    
    4.167457    
    85.13053    
    255.2867    
    355.5263    
    301.4794    
    203.8887    
    156.9107    
    158.7938    
    291.5638    
    399.8501    
    278.1224    
    165.8817    
    163.0223    
    200.0534    
    287.5527    
    312.2846    
    215.7181    
    128.2166    
    178.7024    
    283.8272    
    284.5910    
    249.2348    
    306.0727    
    468.3643    
    746.2338    
    998.4778    
    1077.210    
    1048.583    
    996.5605    
    1100.824    
    1347.735    
    1345.727    
    1103.418    
    900.1530    
    773.5245    
    844.5609    
    1075.121    
    1144.871    
    1077.787    
    1030.157    

   7.1510702E-02
   4.3970704E-02
    41.09501    
    162.6166    
    204.5560    
    88.58633    
    5.551961    
    0.000000    
    0.000000    
   1.0696915E-02
   1.0649860E-02
    1.518383    
    89.82213    
    275.2411    
    372.0832    
    308.8102    
    200.7576    
    166.4666    
    251.5751    
    439.1380    
    534.8844    
    377.5785    
    175.2589    
    120.3334    
    179.7973    
    308.4916    
    403.4217    
    336.8052    
    181.2581    
    122.6032    
    162.1165    
    206.2865    
    248.7727    
    327.7063    
    486.6707    
    681.3109    
    833.0977    
    896.4406    
    933.5132    
    1061.671    
    1291.084    
    1449.849    
    1273.447    
    965.2509    
    797.4377    
    771.2010    
    963.3389    
    1230.174    
    1300.584    
    1157.706    
    964.9194    

   2.9430903E-02
    3.925765    
    63.30590    
    138.6086    
    101.7591    
    22.90409    
   0.3734678    
    0.000000    
    0.000000    
   1.0696915E-02
   9.8044202E-02
   0.4490359    
    86.63569    
    244.0041    
    278.8417    
    215.3253    
    187.3235    
    217.6734    
    352.3758    
    524.8531    
    555.5748    
    394.7198    
    175.1372    
    142.7885    
    329.2634    
    535.8387    
    605.6572    
    462.4904    
    228.2261    
    104.3632    
    126.9563    
    267.5630    
    372.9560    
    392.1014    
    520.9866    
    674.5358    
    735.0311    
    779.6322    
    910.3444    
    1224.192    
    1530.466    
    1520.007    
    1252.143    
    1019.359    
    889.8445    
    880.2025    
    1010.328    
    1161.550    
    1197.096    
    1064.853    
    950.5887    

    0.000000    
    7.863176    
    34.71087    
    46.40808    
    20.32740    
    2.109572    
    1.342555    
    0.000000    
    0.000000    
    0.000000    
    1.876108    
    9.172990    
    61.16940    
    143.5382    
    168.5193    
    171.5212    
    230.9418    
    312.0253    
    401.8577    
    465.6053    
    417.6589    
    281.4796    
    143.8400    
    209.7480    
    503.1346    
    708.4268    
    671.2821    
    453.4835    
    212.8197    
    107.4711    
    146.3221    
    343.7007    
    503.4015    
    493.6448    
    595.1563    
    788.0654    
    865.4733    
    882.5364    
    1036.559    
    1397.548    
    1643.953    
    1486.824    
    1234.007    
    1148.494    
    1081.013    
    1038.689    
    1090.274    
    1195.381    
    1213.568    
    1099.964    
    1073.565    

    5.710608    
    12.04135    
    10.98954    
    3.225797    
   0.9112421    
    1.966171    
    1.054929    
    0.000000    
    0.000000    
    0.000000    
    2.638160    
    18.05850    
    45.65155    
    94.36740    
    156.7277    
    206.8930    
    286.5373    
    376.0605    
    391.0748    
    333.4240    
    243.6110    
    157.4839    
    121.3019    
    263.2675    
    576.2834    
    749.6971    
    614.6791    
    340.3740    
    150.0064    
    118.3027    
    174.9570    
    323.9420    
    488.2438    
    507.7710    
    539.9833    
    755.2449    
    965.9040    
    1019.135    
    1142.253    
    1428.956    
    1547.448    
    1349.602    
    1127.545    
    1070.329    
    1064.473    
    1062.061    
    1159.266    
    1321.687    
    1369.945    
    1294.580    
    1224.572    

    22.40699    
    22.26903    
    8.782821    
    2.994569    
    1.610126    
   0.2703394    
   8.8781185E-02
    0.000000    
    0.000000    
   1.5461925E-02
   0.8649087    
    15.10535    
    46.04063    
    95.72604    
    155.6446    
    204.6834    
    275.6320    
    338.7904    
    305.8558    
    216.8763    
    149.2415    
    111.0197    
    139.3398    
    285.0361    
    528.6815    
    686.9122    
    541.0499    
    247.3200    
    104.8841    
    143.1900    
    238.3024    
    310.9836    
    381.6536    
    399.0629    
    408.2679    
    656.8123    
    977.5016    
    1058.893    
    1100.656    
    1271.483    
    1307.601    
    1119.128    
    950.7517    
    891.7282    
    926.3112    
    1018.074    
    1182.777    
    1407.184    
    1541.868    
    1545.253    
    1414.833    

    29.17039    
    21.55451    
    7.715289    
    10.99115    
    8.461919    
    1.401093    
   1.1436300E-02
   1.2885123E-02
    0.000000    
   1.6133219E-02
   1.6133219E-02
    6.876348    
    36.53837    
    79.34344    
    111.5412    
    149.0374    
    206.6927    
    231.3434    
    187.7753    
    135.2454    
    111.3917    
    129.6670    
    225.4057    
    358.3411    
    519.0782    
    642.7834    
    510.1403    
    228.9149    
    96.28993    
    161.1428    
    330.5056    
    415.8015    
    355.9172    
    292.6174    
    373.3345    
    673.4963    
    959.6069    
    992.4832    
    943.2650    
    989.9739    
    971.2863    
    828.2698    
    767.1236    
    805.5294    
    947.4391    
    1150.083    
    1333.207    
    1555.495    
    1757.226    
    1837.569    
    1706.494    

    14.40270    
    8.258019    
    6.120198    
    18.13408    
    19.69048    
    8.867035    
    1.596353    
    0.000000    
    0.000000    
    0.000000    
    0.000000    
    1.105539    
    15.94597    
    42.30373    
    60.53062    
    86.31931    
    123.1858    
    136.3700    
    122.7090    
    106.6118    
    110.0309    
    183.1447    
    338.8054    
    501.4348    
    638.4103    
    687.6899    
    511.6415    
    230.5250    
    94.65151    
    162.1885    
    368.5297    
    476.7839    
    361.0411    
    274.3752    
    438.8776    
    713.2194    
    825.5826    
    767.6163    
    702.0223    
    693.6682    
    681.8000    
    690.6588    
    791.2036    
    917.1843    
    1104.449    
    1352.448    
    1599.638    
    1842.234    
    2044.301    
    2177.233    
    2074.092    

    1.928696    
   0.8686044    
    2.366533    
    12.68340    
    24.99669    
    21.81625    
    7.449129    
   0.3127103    
    0.000000    
    0.000000    
    1.086167    
    3.372337    
    9.569201    
    23.48686    
    39.49673    
    63.70255    
    90.71364    
    119.9307    
    156.6410    
    157.2254    
    150.4435    
    232.7032    
    409.2655    
    607.6380    
    725.1410    
    688.9315    
    479.9375    
    213.7056    
    86.74986    
    167.5196    
    387.6693    
    486.6546    
    358.3457    
    283.1954    
    437.7364    
    615.2997    
    603.3428    
    540.4452    
    575.5406    
    654.5873    
    731.7649    
    839.5521    
    972.3293    
    1106.890    
    1299.697    
    1529.438    
    1812.072    
    2127.330    
    2380.518    
    2553.616    
    2435.237    

    0.000000    
    0.000000    
    0.000000    
    4.935564    
    20.29448    
    27.24499    
    13.59193    
    1.833942    
    1.445554    
    5.147007    
    11.49695    
    17.35731    
    21.70386    
    29.26092    
    39.78572    
    64.66862    
    100.4526    
    159.9822    
    251.4827    
    263.3898    
    202.3624    
    242.0427    
    436.6583    
    672.0992    
    766.9927    
    668.4373    
    439.4144    
    198.3141    
    85.41347    
    162.3496    
    397.1364    
    530.7545    
    400.5522    
    275.3889    
    349.1480    
    474.1986    
    510.8195    
    530.6138    
    660.2507    
    853.1830    
    1021.002    
    1119.397    
    1141.540    
    1236.594    
    1464.149    
    1692.360    
    1918.145    
    2185.427    
    2472.682    
    2705.519    
    2603.174    

   1.2798056E-02
    0.000000    
    0.000000    
    3.070297    
    14.82428    
    22.75752    
    13.94366    
    4.703824    
    8.717205    
    20.93210    
    31.86833    
    36.98552    
    39.37535    
    44.26064    
    49.05536    
    61.09541    
    96.72972    
    179.3444    
    292.8445    
    307.5072    
    216.9790    
    218.8585    
    400.4922    
    633.5016    
    753.4530    
    689.3643    
    465.4259    
    225.5489    
    101.8394    
    124.0432    
    324.4599    
    508.7117    
    406.3317    
    270.6978    
    389.2417    
    615.6099    
    750.1002    
    733.5591    
    728.4863    
    896.8240    
    1128.961    
    1239.883    
    1234.026    
    1313.766    
    1489.575    
    1620.729    
    1753.116    
    1932.389    
    2198.591    
    2475.077    
    2458.781    

   0.7344594    
    2.109197    
    2.652472    
    4.955951    
    12.14102    
    16.59887    
    11.71587    
    7.593851    
    18.43358    
    36.62415    
    43.60039    
    44.82308    
    50.02560    
    61.67953    
    70.60501    
    64.91916    
    75.43895    
    138.9664    
    217.5589    
    224.4833    
    171.0483    
    186.0231    
    316.4915    
    489.2675    
    629.4869    
    631.3411    
    468.4267    
    262.8091    
    124.5227    
    90.19547    
    230.6269    
    396.8474    
    328.5859    
    304.5383    
    559.5470    
    872.7347    
    1059.817    
    1012.578    
    814.9056    
    804.5242    
    1015.453    
    1156.077    
    1183.899    
    1283.404    
    1372.220    
    1324.329    
    1360.195    
    1569.558    
    1895.927    
    2167.760    
    2148.634    

    3.581606    
    12.72953    
    16.33395    
    11.57259    
    9.422699    
    10.70126    
    9.696005    
    8.232461    
    18.59776    
    34.32016    
    36.80431    
    38.09159    
    49.12638    
    67.63712    
    83.19354    
    77.26155    
    67.42243    
    84.58721    
    115.2001    
    124.6981    
    117.0192    
    141.6578    
    228.1928    
    355.8957    
    457.4001    
    448.6843    
    342.7455    
    213.0360    
    116.0749    
    80.12626    
    178.4944    
    290.5893    
    244.2960    
    362.8613    
    727.4094    
    1002.256    
    1141.146    
    1165.733    
    1005.918    
    834.9247    
    918.2178    
    1097.290    
    1176.364    
    1259.755    
    1229.172    
    1087.276    
    1171.446    
    1469.008    
    1801.905    
    1987.907    
    1877.804    

    8.021367    
    29.35818    
    38.18633    
    24.06982    
    11.94469    
    8.787287    
    7.338483    
    6.515071    
    11.17444    
    19.94667    
    24.10485    
    29.59506    
    44.33527    
    62.63436    
    77.20536    
    81.33897    
    75.28773    
    70.81812    
    77.12979    
    87.26334    
    90.69530    
    101.2179    
    152.1166    
    228.3696    
    252.8471    
    214.4382    
    163.5212    
    134.4588    
    137.6682    
    123.7809    
    152.2920    
    205.6221    
    181.7749    
    349.0163    
    752.1909    
    1005.427    
    1064.011    
    1143.704    
    1153.330    
    997.7239    
    974.8791    
    1108.708    
    1221.281    
    1283.643    
    1105.349    
    958.0682    
    1234.484    
    1607.173    
    1797.688    
    1822.434    
    1645.374    

    12.88640    
    43.61119    
    56.11405    
    39.53107    
    23.93572    
    16.07667    
    9.220932    
    6.322427    
    9.426121    
    16.32700    
    21.89253    
    26.36933    
    38.78143    
    55.24266    
    67.34422    
    75.85216    
    78.57913    
    75.36296    
    73.72016    
    76.43230    
    76.90913    
    77.79244    
    92.22446    
    106.7834    
    95.05443    
    85.77285    
    113.8873    
    192.5241    
    291.6747    
    279.8718    
    180.8468    
    134.1232    
    145.9734    
    300.7840    
    619.6566    
    880.5804    
    1025.136    
    1151.274    
    1193.498    
    1135.222    
    1104.908    
    1120.021    
    1205.974    
    1266.194    
    1026.545    
    880.4093    
    1268.423    
    1675.382    
    1735.139    
    1635.046    
    1413.877    

    19.70028    
    55.52240    
    68.61959    
    56.65617    
    46.62353    
    38.59584    
    22.61700    
    10.73113    
    12.11004    
    18.69270    
    22.66204    
    22.94653    
    29.80602    
    43.58968    
    54.04342    
    62.09182    
    68.23787    
    68.26514    
    66.32516    
    66.33117    
    65.75612    
    62.76012    
    57.72076    
    50.77187    
    66.31565    
    134.4147    
    242.7724    
    382.5794    
    508.8456    
    471.3151    
    266.4529    
    137.1109    
    192.7760    
    371.7142    
    606.2696    
    856.3080    
    1093.474    
    1170.609    
    1148.665    
    1167.834    
    1135.049    
    1086.436    
    1135.206    
    1166.338    
    952.3007    
    843.6227    
    1224.735    
    1613.921    
    1654.350    
    1528.902    
    1311.061    

    31.89002    
    63.51421    
    74.14642    
    71.16976    
    73.13744    
    71.74197    
    47.54787    
    19.84258    
    12.26521    
    14.37182    
    15.78855    
    15.88923    
    19.48133    
    28.13403    
    35.44481    
    42.55872    
    52.32554    
    57.77818    
    58.63272    
    60.02386    
    59.42223    
    53.28892    
    46.29532    
    51.80585    
    126.6196    
    275.2253    
    416.5261    
    541.4014    
    622.4301    
    554.3211    
    333.0726    
    188.4191    
    287.6127    
    491.4558    
    659.4805    
    843.7506    
    1009.937    
    1044.350    
    1114.237    
    1182.838    
    1073.657    
    960.7292    
    952.0575    
    927.9370    
    782.8116    
    825.5254    
    1196.372    
    1520.330    
    1584.326    
    1475.279    
    1344.764    

    44.80250    
    65.05159    
    73.17529    
    78.39143    
    88.73333    
    91.34388    
    64.96135    
    28.99792    
    13.57517    
    11.66678    
    11.58474    
    12.46913    
    14.35097    
    17.71323    
    21.16921    
    26.87898    
    37.78422    
    46.63061    
    51.51432    
    56.65565    
    55.06118    
    45.59650    
    40.61445    
    63.70911    
    185.6784    
    391.4459    
    543.1833    
    617.7399    
    645.3182    
    576.2390    
    370.1405    
    205.3756    
    288.4224    
    471.6596    
    598.4193    
    727.8826    
    838.2557    
    952.6942    
    1133.031    
    1163.025    
    963.9006    
    752.6094    
    662.0850    
    611.4376    
    559.8785    
    750.7469    
    1131.310    
    1402.413    
    1456.501    
    1370.123    
    1311.815    

    49.15942    
    63.00571    
    72.63009    
    82.76300    
    90.56227    
    83.65350    
    57.71694    
    30.97718    
    17.84439    
    13.06534    
    11.90152    
    13.33897    
    15.35102    
    16.67740    
    17.36519    
    21.00279    
    28.22199    
    34.28446    
    42.75835    
    51.62097    
    47.39036    
    37.77064    
    37.50556    
    61.11315    
    177.7832    
    415.6459    
    623.9501    
    701.8629    
    711.9555    
    622.7408    
    386.0458    
    187.3315    
    200.2416    
    342.1998    
    503.9113    
    663.7462    
    832.0801    
    1004.812    
    1089.085    
    990.1551    
    742.1602    
    505.6889    
    402.9507    
    375.4647    
    394.7239    
    575.2822    
    860.9243    
    1073.944    
    1144.908    
    1122.545    
    1071.953    

    44.76371    
    58.30950    
    68.30294    
    77.55044    
    75.96901    
    58.07206    
    37.92561    
    27.20255    
    20.88600    
    14.22791    
    11.60942    
    13.01452    
    15.33459    
    17.19438    
    17.77564    
    19.90901    
    23.81496    
    27.01357    
    34.72016    
    42.48646    
    38.00296    
    31.30470    
    32.86353    
    43.22329    
    130.7243    
    368.6890    
    640.0386    
    773.5701    
    754.4467    
    614.8221    
    385.4996    
    193.8853    
    148.8761    
    212.8262    
    331.9566    
    497.0827    
    738.8659    
    916.9373    
    855.7288    
    670.8098    
    487.1555    
    389.2609    
    377.0721    
    362.9496    
    367.9824    
    443.5994    
    561.6859    
    658.9193    
    728.8553    
    752.8968    
    737.9905    

    36.17193    
    46.64198    
    50.52716    
    52.34149    
    45.66103    
    32.62296    
    25.50525    
    24.60413    
    21.66141    
    15.17372    
    11.99499    
    12.28493    
    13.08119    
    15.07661    
    17.25617    
    18.79468    
    20.93668    
    24.00236    
    28.32810    
    31.58314    
    29.65606    
    26.79500    
    27.39842    
    30.20671    
    89.70673    
    276.1736    
    566.5874    
    782.3761    
    742.7727    
    578.0853    
    415.3372    
    237.7784    
    149.0577    
    153.8443    
    187.8789    
    275.8057    
    453.3997    
    581.2836    
    508.0295    
    384.7083    
    361.5363    
    465.2695    
    586.5196    
    602.4830    
    573.9016    
    593.4023    
    649.9256    
    657.2096    
    666.3675    
    685.4050    
    687.4153    

    27.02120    
    30.59821    
    28.70223    
    26.28586    
    22.83296    
    21.12976    
    22.99437    
    24.34423    
    22.20349    
    17.18320    
    14.28606    
    13.91057    
    13.31372    
    13.79660    
    16.13337    
    17.81958    
    18.94434    
    21.31760    
    23.82903    
    25.14322    
    24.98447    
    24.04164    
    24.10900    
    28.98408    
    61.50822    
    179.2777    
    430.0850    
    691.7604    
    718.9955    
    609.8011    
    491.1165    
    284.1327    
    183.3934    
    217.7171    
    211.9044    
    206.0345    
    247.3891    
    284.5797    
    282.8398    
    324.8828    
    450.2172    
    598.9845    
    722.5683    
    841.8440    
    948.4482    
    1035.556    
    1128.723    
    1130.851    
    1097.121    
    1078.150    
    1040.938    

    20.30964    
    19.45304    
    17.28383    
    16.90857    
    17.76352    
    19.73925    
    22.38202    
    23.88967    
    23.12092    
    20.24202    
    18.21226    
    18.07680    
    17.49301    
    16.49787    
    17.04627    
    17.88723    
    18.15028    
    19.46485    
    21.88668    
    23.62985    
    24.05319    
    22.78997    
    22.99047    
    30.67406    
    50.61130    
    127.6417    
    281.0956    
    475.1460    
    589.2405    
    612.6555    
    534.6160    
    296.8595    
    240.9836    
    364.0032    
    330.2772    
    254.9318    
    253.2774    
    271.4203    
    325.6291    
    483.3875    
    713.7308    
    797.3799    
    732.5936    
    856.0094    
    1145.497    
    1354.779    
    1495.469    
    1544.016    
    1476.581    
    1374.293    
    1362.272    

    15.69871    
    13.43069    
    13.49922    
    15.87291    
    17.82994    
    18.78892    
    20.50649    
    22.87008    
    23.78224    
    23.21047    
    22.52098    
    22.54158    
    22.56049    
    22.22888    
    22.13689    
    21.71231    
    20.94983    
    21.00414    
    22.43522    
    23.73877    
    24.04285    
    22.13010    
    22.03555    
    27.05721    
    43.81332    
    111.5602    
    199.2393    
    279.2069    
    382.0059    
    490.9653    
    460.8204    
    260.7130    
    273.6016    
    479.8069    
    461.1691    
    336.9376    
    378.7971    
    513.7267    
    595.1858    
    692.0424    
    911.6003    
    1002.115    
    842.7860    
    820.1579    
    1059.328    
    1299.594    
    1440.781    
    1529.802    
    1472.030    
    1309.658    
    1350.170    

    10.26708    
    9.208965    
    11.10038    
    14.17396    
    16.29276    
    17.95184    
    20.51686    
    23.45167    
    25.14506    
    25.81605    
    26.52233    
    27.39561    
    27.84040    
    29.02154    
    30.34903    
    30.39490    
    29.73421    
    27.57074    
    25.09779    
    24.18917    
    23.87917    
    21.88763    
    20.20750    
    20.39039    
    27.80348    
    81.08894    
    153.5078    
    184.3839    
    231.0329    
    318.2202    
    316.1815    
    208.6964    
    261.8073    
    488.3942    
    518.3882    
    371.1987    
    456.0331    
    766.3682    
    913.9722    
    886.7955    
    983.1552    
    1114.276    
    1049.543    
    921.5525    
    950.0839    
    1085.719    
    1173.290    
    1262.112    
    1273.453    
    1196.239    
    1284.914    

    5.456299    
    6.901757    
    10.40157    
    16.74360    
    21.86857    
    23.03751    
    25.24805    
    31.17707    
    35.70864    
    35.65316    
    34.91499    
    35.67862    
    36.07175    
    37.63265    
    39.48612    
    39.65022    
    39.52368    
    36.98047    
    31.98296    
    28.76117    
    26.78137    
    23.14705    
    18.92764    
    16.45362    
    16.50421    
    35.93747    
    73.78023    
    108.4409    
    160.9638    
    215.3731    
    212.3208    
    174.2119    
    215.4897    
    386.5435    
    461.8411    
    347.1931    
    440.7575    
    859.1469    
    1130.157    
    1095.965    
    1077.191    
    1174.052    
    1217.698    
    1146.343    
    1078.443    
    1072.878    
    1087.841    
    1147.589    
    1213.004    
    1259.035    
    1337.874    

    6.358205    
    12.81418    
    26.48098    
    44.46515    
    53.30003    
    45.93678    
    38.47442    
    45.57164    
    55.16322    
    55.43508    
    50.67822    
    46.22268    
    43.77210    
    44.11432    
    45.00408    
    44.73360    
    44.59940    
    43.71360    
    41.00544    
    38.23921    
    35.47998    
    29.91226    
    22.00818    
    16.67654    
    15.02358    
    15.69963    
    20.96007    
    42.09665    
    100.2458    
    173.5922    
    206.7953    
    195.0567    
    183.4980    
    254.7525    
    334.7187    
    312.1830    
    449.3781    
    875.1498    
    1197.682    
    1198.168    
    1116.859    
    1156.995    
    1257.956    
    1307.606    
    1296.959    
    1266.288    
    1262.739    
    1303.539    
    1357.231    
    1370.549    
    1337.373    

    24.42155    
    42.26701    
    69.65527    
    93.70615    
    98.50841    
    79.95753    
    57.87936    
    57.75366    
    68.41042    
    70.10591    
    62.41034    
    52.72323    
    47.34523    
    46.64012    
    47.10062    
    46.87771    
    46.31031    
    45.68307    
    44.98391    
    44.27982    
    44.30537    
    42.13599    
    33.21879    
    22.17317    
    16.13933    
    14.39378    
    13.24244    
    14.50585    
    31.95654    
    95.80690    
    178.5609    
    207.7238    
    204.1333    
    220.0070    
    243.0989    
    275.8244    
    430.9923    
    769.5496    
    1053.481    
    1085.027    
    1074.987    
    1148.790    
    1211.182    
    1246.979    
    1248.094    
    1255.505    
    1332.137    
    1434.075    
    1440.579    
    1355.956    
    1271.814    

    44.29894    
    68.55736    
    97.50270    
    117.7066    
    114.3242    
    91.25910    
    69.37473    
    67.14793    
    73.88970    
    72.91203    
    64.12690    
    55.33115    
    51.54949    
    51.38266    
    51.54589    
    51.03106    
    50.21619    
    47.76657    
    44.58140    
    44.43076    
    48.42699    
    52.82221    
    48.53852    
    34.05816    
    20.79077    
    14.65607    
    12.15328    
    9.977997    
    6.503457    
    21.79537    
    66.11710    
    117.9432    
    209.2313    
    290.2319    
    270.5197    
    253.9334    
    321.8058    
    498.1914    
    713.1484    
    836.3311    
    1007.514    
    1194.402    
    1194.812    
    1133.723    
    1091.775    
    1103.814    
    1281.521    
    1460.545    
    1439.006    
    1304.474    
    1153.608    

    36.87434    
    53.53991    
    77.41367    
    98.36517    
    95.43520    
    80.27869    
    74.33388    
    78.03822    
    79.61150    
    74.07529    
    65.79136    
    60.11491    
    60.20638    
    63.02524    
    64.83218    
    63.23702    
    59.40503    
    53.89668    
    46.90274    
    45.51338    
    51.00154    
    58.23779    
    59.03131    
    46.82935    
    29.10084    
    16.44988    
    11.14913    
    9.578450    
    8.525703    
    5.588774    
    4.235845    
    23.58340    
    131.4396    
    293.9289    
    348.8613    
    310.8879    
    277.8357    
    289.7566    
    384.2582    
    536.2302    
    778.9248    
    1094.811    
    1204.265    
    1093.936    
    988.9515    
    1027.477    
    1292.703    
    1477.627    
    1391.487    
    1174.086    
    928.2418    

    26.25961    
    30.97245    
    48.24624    
    70.66230    
    76.87019    
    77.55014    
    83.51253    
    87.57903    
    85.84755    
    80.02320    
    73.12325    
    68.74112    
    71.23489    
    77.63747    
    82.84968    
    81.49162    
    74.18830    
    64.63613    
    53.73311    
    50.06433    
    54.63520    
    61.11687    
    63.02618    
    53.04758    
    35.02897    
    19.51259    
    11.53218    
    8.080730    
    6.745815    
    6.164966    
    3.901911    
    1.091941    
    36.59434    
    157.9110    
    314.7820    
    403.0571    
    368.5366    
    266.7591    
    218.1987    
    256.1772    
    411.6164    
    753.2175    
    1065.647    
    1082.339    
    908.9871    
    932.3694    
    1263.596    
    1447.424    
    1261.647    
    924.7948    
    781.4376    

    39.49793    
    31.08067    
    38.95827    
    56.95301    
    67.77616    
    77.03954    
    87.70638    
    91.27657    
    91.24419    
    92.76707    
    89.89085    
    83.37995    
    82.71085    
    87.03304    
    92.33510    
    95.50525    
    93.77349    
    84.58763    
    67.98597    
    57.39525    
    58.25513    
    63.16102    
    62.84161    
    50.92247    
    37.37462    
    39.65344    
    41.45945    
    21.14378    
    4.576735    
    4.025620    
    4.079484    
    2.457499    
    1.877293    
    33.46838    
    162.3039    
    366.6636    
    470.5994    
    407.4644    
    282.2684    
    163.7784    
    156.9195    
    354.0413    
    730.1947    
    970.9442    
    852.9128    
    884.0829    
    1220.239    
    1337.029    
    1070.195    
    736.8087    
    799.5942    

    50.79088    
    35.22392    
    38.09295    
    49.06934    
    56.82135    
    66.56132    
    80.15649    
    87.95345    
    92.67496    
    103.3596    
    109.1773    
    103.6283    
    98.49691    
    97.42224    
    100.1962    
    106.4844    
    111.3671    
    107.0127    
    88.57237    
    71.16816    
    65.09722    
    64.11598    
    58.61544    
    43.07462    
    37.60766    
    68.29557    
    104.6220    
    97.75990    
    55.26509    
    16.12967    
    1.930468    
    2.325190    
    2.377241    
   0.7582787    
    45.09443    
    193.2783    
    394.5850    
    537.1808    
    512.8724    
    304.4808    
    113.9571    
    123.5173    
    394.7642    
    657.7283    
    693.0957    
    874.4847    
    1120.468    
    1058.443    
    779.5506    
    592.8768    
    715.2037    

    39.66816    
    32.39979    
    36.03020    
    41.98742    
    47.30707    
    53.20554    
    63.30615    
    75.62589    
    85.52011    
    98.56577    
    111.9200    
    115.1745    
    112.2788    
    110.5206    
    111.7427    
    115.5543    
    119.6746    
    117.6976    
    103.3805    
    88.75925    
    80.58549    
    69.76271    
    54.35521    
    35.28240    
    31.08406    
    62.66084    
    127.5756    
    190.2264    
    170.2722    
    83.96174    
    26.84664    
    7.324071    
    2.268499    
    1.960346    
    8.830801    
    49.06517    
    178.9045    
    423.3512    
    596.8719    
    464.0959    
    178.4166    
    67.72470    
    190.9683    
    329.3798    
    434.1249    
    644.0734    
    740.0820    
    600.6579    
    441.2417    
    403.3151    
    455.1176    

    24.07886    
    26.79761    
    32.04202    
    36.44186    
    39.66880    
    40.77101    
    47.61131    
    62.13990    
    74.85725    
    86.91589    
    100.3006    
    107.6447    
    108.9480    
    111.2819    
    113.7643    
    115.9774    
    119.6903    
    119.4102    
    107.2194    
    91.55340    
    81.10802    
    64.42181    
    44.53910    
    29.55872    
    21.81451    
    32.37574    
    88.66287    
    185.9361    
    232.5518    
    198.9081    
    129.1223    
    47.40898    
    4.453454    
    1.942673    
    2.238533    
    3.725639    
    37.16932    
    178.6316    
    387.4173    
    422.7522    
    238.2650    
    92.95808    
    95.46216    
    154.8358    
    231.0456    
    299.9111    
    302.5593    
    261.6203    
    254.2004    
    270.1538    
    279.0721    

