    47.99903       -123.0683    
    47.99930       -123.0504    
    47.99957       -123.0325    
    47.99982       -123.0146    
    48.00009       -122.9966    
    48.00035       -122.9787    
    48.00061       -122.9608    
    48.00085       -122.9429    
    48.00111       -122.9250    
    48.00136       -122.9071    
    48.00160       -122.8892    
    48.00185       -122.8712    
    48.00208       -122.8533    
    48.00232       -122.8354    
    48.00255       -122.8175    
    48.00278       -122.7996    
    48.00301       -122.7816    
    48.00323       -122.7637    
    48.00346       -122.7458    
    48.00368       -122.7279    
    48.00389       -122.7100    
    48.00411       -122.6920    
    48.00432       -122.6741    
    48.00453       -122.6562    
    48.00473       -122.6383    
    48.00494       -122.6204    
    48.00514       -122.6025    
    48.00533       -122.5845    
    48.00553       -122.5666    
    48.00572       -122.5487    
    48.00591       -122.5308    
    48.00610       -122.5129    
    48.00628       -122.4950    
    48.00645       -122.4770    
    48.00663       -122.4591    
    48.00681       -122.4412    
    48.00698       -122.4233    
    48.00715       -122.4054    
    48.00732       -122.3874    

    48.01102       -123.0687    
    48.01129       -123.0508    
    48.01155       -123.0329    
    48.01182       -123.0150    
    48.01208       -122.9970    
    48.01234       -122.9791    
    48.01260       -122.9612    
    48.01285       -122.9433    
    48.01310       -122.9254    
    48.01335       -122.9074    
    48.01359       -122.8895    
    48.01384       -122.8716    
    48.01408       -122.8537    
    48.01431       -122.8358    
    48.01454       -122.8178    
    48.01477       -122.7999    
    48.01500       -122.7820    
    48.01523       -122.7641    
    48.01545       -122.7462    
    48.01567       -122.7282    
    48.01588       -122.7103    
    48.01610       -122.6924    
    48.01631       -122.6745    
    48.01652       -122.6565    
    48.01673       -122.6386    
    48.01693       -122.6207    
    48.01713       -122.6028    
    48.01733       -122.5848    
    48.01752       -122.5669    
    48.01771       -122.5490    
    48.01790       -122.5311    
    48.01809       -122.5132    
    48.01827       -122.4952    
    48.01845       -122.4773    
    48.01863       -122.4594    
    48.01881       -122.4414    
    48.01897       -122.4235    
    48.01915       -122.4056    
    48.01931       -122.3877    

    48.02301       -123.0691    
    48.02328       -123.0512    
    48.02354       -123.0333    
    48.02381       -123.0154    
    48.02407       -122.9974    
    48.02433       -122.9795    
    48.02459       -122.9616    
    48.02484       -122.9437    
    48.02509       -122.9257    
    48.02533       -122.9078    
    48.02558       -122.8899    
    48.02582       -122.8719    
    48.02606       -122.8540    
    48.02630       -122.8361    
    48.02653       -122.8182    
    48.02676       -122.8003    
    48.02699       -122.7823    
    48.02721       -122.7644    
    48.02744       -122.7465    
    48.02766       -122.7285    
    48.02787       -122.7106    
    48.02809       -122.6927    
    48.02830       -122.6748    
    48.02851       -122.6568    
    48.02871       -122.6389    
    48.02892       -122.6210    
    48.02912       -122.6031    
    48.02932       -122.5851    
    48.02951       -122.5672    
    48.02970       -122.5493    
    48.02989       -122.5313    
    48.03008       -122.5134    
    48.03026       -122.4955    
    48.03044       -122.4776    
    48.03062       -122.4596    
    48.03079       -122.4417    
    48.03096       -122.4238    
    48.03113       -122.4059    
    48.03130       -122.3879    

    48.03500       -123.0695    
    48.03527       -123.0516    
    48.03553       -123.0337    
    48.03580       -123.0157    
    48.03606       -122.9978    
    48.03632       -122.9799    
    48.03658       -122.9619    
    48.03683       -122.9440    
    48.03708       -122.9261    
    48.03733       -122.9082    
    48.03757       -122.8902    
    48.03782       -122.8723    
    48.03805       -122.8544    
    48.03829       -122.8365    
    48.03852       -122.8185    
    48.03875       -122.8006    
    48.03899       -122.7827    
    48.03921       -122.7647    
    48.03943       -122.7468    
    48.03965       -122.7289    
    48.03987       -122.7109    
    48.04008       -122.6930    
    48.04029       -122.6751    
    48.04050       -122.6572    
    48.04071       -122.6392    
    48.04091       -122.6213    
    48.04111       -122.6034    
    48.04131       -122.5854    
    48.04150       -122.5675    
    48.04169       -122.5496    
    48.04188       -122.5316    
    48.04207       -122.5137    
    48.04225       -122.4958    
    48.04243       -122.4778    
    48.04261       -122.4599    
    48.04279       -122.4420    
    48.04296       -122.4240    
    48.04313       -122.4061    
    48.04330       -122.3882    

    48.04699       -123.0699    
    48.04725       -123.0520    
    48.04752       -123.0341    
    48.04779       -123.0161    
    48.04805       -122.9982    
    48.04830       -122.9803    
    48.04856       -122.9623    
    48.04882       -122.9444    
    48.04906       -122.9265    
    48.04931       -122.9085    
    48.04956       -122.8906    
    48.04980       -122.8727    
    48.05004       -122.8547    
    48.05027       -122.8368    
    48.05051       -122.8189    
    48.05074       -122.8009    
    48.05097       -122.7830    
    48.05119       -122.7651    
    48.05142       -122.7471    
    48.05164       -122.7292    
    48.05185       -122.7113    
    48.05207       -122.6933    
    48.05228       -122.6754    
    48.05249       -122.6575    
    48.05270       -122.6395    
    48.05290       -122.6216    
    48.05310       -122.6037    
    48.05330       -122.5857    
    48.05349       -122.5678    
    48.05368       -122.5498    
    48.05387       -122.5319    
    48.05406       -122.5140    
    48.05424       -122.4960    
    48.05442       -122.4781    
    48.05460       -122.4602    
    48.05478       -122.4422    
    48.05494       -122.4243    
    48.05511       -122.4063    
    48.05528       -122.3884    

    48.05898       -123.0703    
    48.05925       -123.0524    
    48.05951       -123.0345    
    48.05978       -123.0165    
    48.06004       -122.9986    
    48.06030       -122.9807    
    48.06055       -122.9627    
    48.06081       -122.9448    
    48.06106       -122.9268    
    48.06131       -122.9089    
    48.06155       -122.8910    
    48.06179       -122.8730    
    48.06203       -122.8551    
    48.06227       -122.8372    
    48.06250       -122.8192    
    48.06273       -122.8013    
    48.06296       -122.7834    
    48.06319       -122.7654    
    48.06341       -122.7475    
    48.06363       -122.7295    
    48.06385       -122.7116    
    48.06406       -122.6937    
    48.06427       -122.6757    
    48.06448       -122.6578    
    48.06469       -122.6398    
    48.06489       -122.6219    
    48.06509       -122.6039    
    48.06529       -122.5860    
    48.06548       -122.5681    
    48.06567       -122.5501    
    48.06586       -122.5322    
    48.06605       -122.5143    
    48.06623       -122.4963    
    48.06641       -122.4784    
    48.06659       -122.4604    
    48.06677       -122.4425    
    48.06694       -122.4246    
    48.06711       -122.4066    
    48.06728       -122.3887    

    48.07096       -123.0707    
    48.07123       -123.0528    
    48.07150       -123.0349    
    48.07177       -123.0169    
    48.07203       -122.9990    
    48.07228       -122.9810    
    48.07254       -122.9631    
    48.07279       -122.9452    
    48.07304       -122.9272    
    48.07329       -122.9093    
    48.07354       -122.8913    
    48.07378       -122.8734    
    48.07402       -122.8554    
    48.07426       -122.8375    
    48.07449       -122.8196    
    48.07472       -122.8016    
    48.07495       -122.7837    
    48.07518       -122.7657    
    48.07540       -122.7478    
    48.07562       -122.7299    
    48.07584       -122.7119    
    48.07605       -122.6940    
    48.07626       -122.6760    
    48.07647       -122.6581    
    48.07668       -122.6401    
    48.07688       -122.6222    
    48.07708       -122.6042    
    48.07728       -122.5863    
    48.07747       -122.5684    
    48.07766       -122.5504    
    48.07785       -122.5325    
    48.07804       -122.5145    
    48.07822       -122.4966    
    48.07840       -122.4786    
    48.07858       -122.4607    
    48.07875       -122.4427    
    48.07893       -122.4248    
    48.07910       -122.4069    
    48.07927       -122.3889    

    48.08295       -123.0711    
    48.08323       -123.0532    
    48.08349       -123.0352    
    48.08376       -123.0173    
    48.08402       -122.9994    
    48.08427       -122.9814    
    48.08453       -122.9635    
    48.08479       -122.9455    
    48.08504       -122.9276    
    48.08529       -122.9096    
    48.08553       -122.8917    
    48.08577       -122.8737    
    48.08601       -122.8558    
    48.08625       -122.8379    
    48.08649       -122.8199    
    48.08671       -122.8020    
    48.08694       -122.7840    
    48.08717       -122.7661    
    48.08739       -122.7481    
    48.08762       -122.7302    
    48.08783       -122.7122    
    48.08805       -122.6943    
    48.08825       -122.6763    
    48.08847       -122.6584    
    48.08867       -122.6404    
    48.08887       -122.6225    
    48.08907       -122.6046    
    48.08927       -122.5866    
    48.08947       -122.5687    
    48.08966       -122.5507    
    48.08984       -122.5327    
    48.09003       -122.5148    
    48.09022       -122.4969    
    48.09040       -122.4789    
    48.09058       -122.4610    
    48.09075       -122.4430    
    48.09092       -122.4250    
    48.09109       -122.4071    
    48.09126       -122.3892    

    48.09494       -123.0716    
    48.09521       -123.0536    
    48.09548       -123.0356    
    48.09574       -123.0177    
    48.09600       -122.9998    
    48.09626       -122.9818    
    48.09652       -122.9639    
    48.09677       -122.9459    
    48.09702       -122.9280    
    48.09727       -122.9100    
    48.09752       -122.8921    
    48.09776       -122.8741    
    48.09800       -122.8562    
    48.09824       -122.8382    
    48.09847       -122.8203    
    48.09870       -122.8023    
    48.09893       -122.7844    
    48.09916       -122.7664    
    48.09938       -122.7485    
    48.09960       -122.7305    
    48.09982       -122.7126    
    48.10003       -122.6946    
    48.10025       -122.6767    
    48.10045       -122.6587    
    48.10066       -122.6407    
    48.10086       -122.6228    
    48.10106       -122.6049    
    48.10126       -122.5869    
    48.10146       -122.5689    
    48.10164       -122.5510    
    48.10183       -122.5331    
    48.10202       -122.5151    
    48.10220       -122.4971    
    48.10238       -122.4792    
    48.10256       -122.4612    
    48.10274       -122.4433    
    48.10291       -122.4253    
    48.10308       -122.4073    
    48.10324       -122.3894    

    48.10693       -123.0720    
    48.10720       -123.0540    
    48.10747       -123.0361    
    48.10773       -123.0181    
    48.10799       -123.0002    
    48.10826       -122.9822    
    48.10851       -122.9642    
    48.10877       -122.9463    
    48.10902       -122.9283    
    48.10926       -122.9104    
    48.10951       -122.8924    
    48.10975       -122.8745    
    48.10999       -122.8565    
    48.11023       -122.8386    
    48.11047       -122.8206    
    48.11070       -122.8027    
    48.11092       -122.7847    
    48.11115       -122.7668    
    48.11137       -122.7488    
    48.11159       -122.7308    
    48.11181       -122.7129    
    48.11202       -122.6949    
    48.11224       -122.6770    
    48.11245       -122.6590    
    48.11265       -122.6411    
    48.11286       -122.6231    
    48.11305       -122.6051    
    48.11325       -122.5872    
    48.11345       -122.5692    
    48.11364       -122.5513    
    48.11383       -122.5333    
    48.11401       -122.5154    
    48.11420       -122.4974    
    48.11438       -122.4794    
    48.11456       -122.4615    
    48.11473       -122.4435    
    48.11490       -122.4256    
    48.11507       -122.4076    
    48.11524       -122.3896    

    48.11892       -123.0724    
    48.11918       -123.0544    
    48.11945       -123.0365    
    48.11972       -123.0185    
    48.11998       -123.0005    
    48.12024       -122.9826    
    48.12049       -122.9646    
    48.12075       -122.9467    
    48.12100       -122.9287    
    48.12125       -122.9108    
    48.12149       -122.8928    
    48.12174       -122.8748    
    48.12197       -122.8569    
    48.12222       -122.8389    
    48.12244       -122.8210    
    48.12268       -122.8030    
    48.12291       -122.7850    
    48.12313       -122.7671    
    48.12336       -122.7491    
    48.12358       -122.7312    
    48.12379       -122.7132    
    48.12401       -122.6953    
    48.12422       -122.6773    
    48.12443       -122.6593    
    48.12463       -122.6414    
    48.12484       -122.6234    
    48.12504       -122.6054    
    48.12524       -122.5875    
    48.12543       -122.5695    
    48.12562       -122.5516    
    48.12581       -122.5336    
    48.12600       -122.5156    
    48.12618       -122.4977    
    48.12637       -122.4797    
    48.12654       -122.4618    
    48.12672       -122.4438    
    48.12689       -122.4258    
    48.12706       -122.4079    
    48.12723       -122.3899    

    48.13091       -123.0728    
    48.13118       -123.0548    
    48.13145       -123.0369    
    48.13172       -123.0189    
    48.13198       -123.0009    
    48.13224       -122.9830    
    48.13249       -122.9650    
    48.13274       -122.9471    
    48.13300       -122.9291    
    48.13324       -122.9111    
    48.13349       -122.8932    
    48.13373       -122.8752    
    48.13398       -122.8572    
    48.13421       -122.8393    
    48.13444       -122.8213    
    48.13467       -122.8033    
    48.13490       -122.7854    
    48.13513       -122.7674    
    48.13535       -122.7495    
    48.13557       -122.7315    
    48.13579       -122.7135    
    48.13601       -122.6956    
    48.13622       -122.6776    
    48.13643       -122.6596    
    48.13663       -122.6417    
    48.13683       -122.6237    
    48.13704       -122.6057    
    48.13723       -122.5878    
    48.13742       -122.5698    
    48.13762       -122.5518    
    48.13781       -122.5339    
    48.13799       -122.5159    
    48.13818       -122.4980    
    48.13836       -122.4800    
    48.13854       -122.4620    
    48.13871       -122.4441    
    48.13889       -122.4261    
    48.13905       -122.4081    
    48.13923       -122.3902    

    48.14289       -123.0732    
    48.14316       -123.0552    
    48.14343       -123.0373    
    48.14370       -123.0193    
    48.14396       -123.0013    
    48.14422       -122.9834    
    48.14447       -122.9654    
    48.14473       -122.9474    
    48.14498       -122.9295    
    48.14523       -122.9115    
    48.14547       -122.8935    
    48.14572       -122.8755    
    48.14595       -122.8576    
    48.14619       -122.8396    
    48.14643       -122.8217    
    48.14666       -122.8037    
    48.14689       -122.7857    
    48.14711       -122.7678    
    48.14734       -122.7498    
    48.14756       -122.7318    
    48.14777       -122.7139    
    48.14799       -122.6959    
    48.14820       -122.6779    
    48.14841       -122.6599    
    48.14862       -122.6420    
    48.14882       -122.6240    
    48.14902       -122.6060    
    48.14922       -122.5881    
    48.14941       -122.5701    
    48.14960       -122.5521    
    48.14979       -122.5341    
    48.14998       -122.5162    
    48.15017       -122.4982    
    48.15034       -122.4803    
    48.15052       -122.4623    
    48.15070       -122.4443    
    48.15088       -122.4263    
    48.15104       -122.4084    
    48.15121       -122.3904    

    48.15489       -123.0736    
    48.15516       -123.0556    
    48.15543       -123.0377    
    48.15569       -123.0197    
    48.15596       -123.0017    
    48.15622       -122.9837    
    48.15647       -122.9658    
    48.15673       -122.9478    
    48.15697       -122.9298    
    48.15722       -122.9119    
    48.15747       -122.8939    
    48.15771       -122.8759    
    48.15795       -122.8579    
    48.15819       -122.8400    
    48.15842       -122.8220    
    48.15866       -122.8040    
    48.15889       -122.7861    
    48.15911       -122.7681    
    48.15933       -122.7501    
    48.15955       -122.7321    
    48.15977       -122.7142    
    48.15998       -122.6962    
    48.16020       -122.6782    
    48.16040       -122.6602    
    48.16061       -122.6423    
    48.16082       -122.6243    
    48.16101       -122.6064    
    48.16122       -122.5884    
    48.16141       -122.5704    
    48.16160       -122.5524    
    48.16179       -122.5345    
    48.16198       -122.5165    
    48.16216       -122.4985    
    48.16234       -122.4805    
    48.16252       -122.4626    
    48.16270       -122.4446    
    48.16287       -122.4266    
    48.16304       -122.4086    
    48.16320       -122.3907    

    48.16687       -123.0740    
    48.16714       -123.0560    
    48.16741       -123.0381    
    48.16768       -123.0201    
    48.16794       -123.0021    
    48.16820       -122.9841    
    48.16846       -122.9662    
    48.16871       -122.9482    
    48.16896       -122.9302    
    48.16921       -122.9122    
    48.16946       -122.8943    
    48.16969       -122.8763    
    48.16993       -122.8583    
    48.17017       -122.8403    
    48.17041       -122.8224    
    48.17064       -122.8044    
    48.17087       -122.7864    
    48.17109       -122.7684    
    48.17131       -122.7505    
    48.17154       -122.7325    
    48.17176       -122.7145    
    48.17197       -122.6965    
    48.17218       -122.6786    
    48.17239       -122.6606    
    48.17260       -122.6426    
    48.17280       -122.6246    
    48.17300       -122.6066    
    48.17320       -122.5887    
    48.17339       -122.5707    
    48.17358       -122.5527    
    48.17377       -122.5347    
    48.17396       -122.5168    
    48.17414       -122.4988    
    48.17433       -122.4808    
    48.17450       -122.4628    
    48.17468       -122.4448    
    48.17485       -122.4268    
    48.17502       -122.4089    
    48.17519       -122.3909    

    48.17887       -123.0744    
    48.17914       -123.0564    
    48.17941       -123.0385    
    48.17967       -123.0205    
    48.17994       -123.0025    
    48.18019       -122.9845    
    48.18045       -122.9666    
    48.18070       -122.9486    
    48.18095       -122.9306    
    48.18121       -122.9126    
    48.18145       -122.8946    
    48.18169       -122.8766    
    48.18193       -122.8587    
    48.18217       -122.8407    
    48.18240       -122.8227    
    48.18264       -122.8047    
    48.18286       -122.7867    
    48.18309       -122.7688    
    48.18332       -122.7508    
    48.18353       -122.7328    
    48.18375       -122.7148    
    48.18397       -122.6968    
    48.18418       -122.6789    
    48.18439       -122.6609    
    48.18459       -122.6429    
    48.18480       -122.6249    
    48.18500       -122.6069    
    48.18519       -122.5890    
    48.18539       -122.5710    
    48.18558       -122.5530    
    48.18577       -122.5350    
    48.18596       -122.5170    
    48.18614       -122.4991    
    48.18632       -122.4810    
    48.18650       -122.4631    
    48.18668       -122.4451    
    48.18685       -122.4271    
    48.18702       -122.4091    
    48.18719       -122.3911    

    48.19085       -123.0748    
    48.19112       -123.0568    
    48.19139       -123.0388    
    48.19165       -123.0209    
    48.19191       -123.0029    
    48.19218       -122.9849    
    48.19243       -122.9669    
    48.19269       -122.9489    
    48.19294       -122.9310    
    48.19318       -122.9130    
    48.19343       -122.8950    
    48.19367       -122.8770    
    48.19392       -122.8590    
    48.19415       -122.8410    
    48.19439       -122.8231    
    48.19461       -122.8051    
    48.19485       -122.7871    
    48.19507       -122.7691    
    48.19530       -122.7511    
    48.19552       -122.7331    
    48.19573       -122.7151    
    48.19595       -122.6972    
    48.19616       -122.6792    
    48.19637       -122.6612    
    48.19658       -122.6432    
    48.19678       -122.6252    
    48.19698       -122.6072    
    48.19718       -122.5893    
    48.19737       -122.5713    
    48.19756       -122.5533    
    48.19775       -122.5353    
    48.19794       -122.5173    
    48.19813       -122.4993    
    48.19831       -122.4813    
    48.19849       -122.4633    
    48.19866       -122.4453    
    48.19884       -122.4274    
    48.19901       -122.4094    
    48.19917       -122.3914    

    48.20284       -123.0752    
    48.20311       -123.0573    
    48.20338       -123.0392    
    48.20365       -123.0213    
    48.20391       -123.0033    
    48.20417       -122.9853    
    48.20442       -122.9673    
    48.20468       -122.9493    
    48.20493       -122.9313    
    48.20518       -122.9134    
    48.20543       -122.8954    
    48.20567       -122.8774    
    48.20591       -122.8594    
    48.20615       -122.8414    
    48.20638       -122.8234    
    48.20661       -122.8054    
    48.20684       -122.7874    
    48.20707       -122.7694    
    48.20729       -122.7515    
    48.20751       -122.7335    
    48.20773       -122.7155    
    48.20794       -122.6975    
    48.20816       -122.6795    
    48.20837       -122.6615    
    48.20857       -122.6435    
    48.20877       -122.6255    
    48.20898       -122.6075    
    48.20917       -122.5895    
    48.20937       -122.5716    
    48.20956       -122.5536    
    48.20975       -122.5356    
    48.20994       -122.5176    
    48.21012       -122.4996    
    48.21030       -122.4816    
    48.21048       -122.4636    
    48.21066       -122.4456    
    48.21083       -122.4276    
    48.21100       -122.4096    
    48.21116       -122.3916    

    48.21482       -123.0756    
    48.21510       -123.0576    
    48.21537       -123.0396    
    48.21563       -123.0217    
    48.21589       -123.0037    
    48.21615       -122.9857    
    48.21641       -122.9677    
    48.21667       -122.9497    
    48.21692       -122.9317    
    48.21717       -122.9137    
    48.21741       -122.8957    
    48.21766       -122.8777    
    48.21790       -122.8597    
    48.21813       -122.8417    
    48.21837       -122.8238    
    48.21859       -122.8058    
    48.21883       -122.7878    
    48.21906       -122.7698    
    48.21928       -122.7518    
    48.21949       -122.7338    
    48.21972       -122.7158    
    48.21993       -122.6978    
    48.22014       -122.6798    
    48.22035       -122.6618    
    48.22056       -122.6438    
    48.22076       -122.6258    
    48.22096       -122.6078    
    48.22116       -122.5898    
    48.22136       -122.5718    
    48.22155       -122.5539    
    48.22174       -122.5359    
    48.22192       -122.5179    
    48.22211       -122.4999    
    48.22229       -122.4819    
    48.22247       -122.4639    
    48.22264       -122.4459    
    48.22282       -122.4279    
    48.22299       -122.4099    
    48.22315       -122.3919    

    48.22682       -123.0760    
    48.22709       -123.0580    
    48.22736       -123.0401    
    48.22762       -123.0221    
    48.22788       -123.0041    
    48.22815       -122.9861    
    48.22840       -122.9681    
    48.22866       -122.9501    
    48.22891       -122.9321    
    48.22916       -122.9141    
    48.22940       -122.8961    
    48.22965       -122.8781    
    48.22989       -122.8601    
    48.23013       -122.8421    
    48.23036       -122.8241    
    48.23059       -122.8061    
    48.23082       -122.7881    
    48.23104       -122.7701    
    48.23127       -122.7521    
    48.23149       -122.7341    
    48.23171       -122.7161    
    48.23192       -122.6981    
    48.23214       -122.6801    
    48.23235       -122.6621    
    48.23255       -122.6441    
    48.23275       -122.6261    
    48.23296       -122.6081    
    48.23315       -122.5901    
    48.23335       -122.5721    
    48.23354       -122.5541    
    48.23373       -122.5361    
    48.23392       -122.5181    
    48.23410       -122.5002    
    48.23429       -122.4821    
    48.23446       -122.4641    
    48.23464       -122.4461    
    48.23481       -122.4281    
    48.23498       -122.4102    
    48.23515       -122.3922    

    48.23880       -123.0764    
    48.23907       -123.0584    
    48.23935       -123.0405    
    48.23961       -123.0225    
    48.23988       -123.0045    
    48.24014       -122.9865    
    48.24039       -122.9684    
    48.24065       -122.9505    
    48.24090       -122.9325    
    48.24115       -122.9145    
    48.24139       -122.8965    
    48.24163       -122.8784    
    48.24188       -122.8605    
    48.24211       -122.8425    
    48.24235       -122.8245    
    48.24258       -122.8065    
    48.24281       -122.7885    
    48.24303       -122.7704    
    48.24326       -122.7524    
    48.24348       -122.7344    
    48.24369       -122.7165    
    48.24391       -122.6985    
    48.24412       -122.6805    
    48.24433       -122.6624    
    48.24454       -122.6444    
    48.24474       -122.6264    
    48.24494       -122.6084    
    48.24514       -122.5904    
    48.24533       -122.5724    
    48.24553       -122.5544    
    48.24572       -122.5364    
    48.24591       -122.5184    
    48.24609       -122.5004    
    48.24627       -122.4824    
    48.24645       -122.4644    
    48.24663       -122.4464    
    48.24680       -122.4284    
    48.24697       -122.4104    
    48.24714       -122.3924    

    48.25079       -123.0769    
    48.25107       -123.0589    
    48.25134       -123.0409    
    48.25160       -123.0229    
    48.25187       -123.0049    
    48.25212       -122.9868    
    48.25238       -122.9688    
    48.25264       -122.9508    
    48.25289       -122.9328    
    48.25314       -122.9148    
    48.25339       -122.8968    
    48.25363       -122.8788    
    48.25387       -122.8608    
    48.25411       -122.8428    
    48.25434       -122.8248    
    48.25457       -122.8068    
    48.25480       -122.7888    
    48.25503       -122.7708    
    48.25525       -122.7528    
    48.25547       -122.7348    
    48.25569       -122.7168    
    48.25591       -122.6988    
    48.25612       -122.6808    
    48.25633       -122.6628    
    48.25653       -122.6447    
    48.25674       -122.6267    
    48.25694       -122.6087    
    48.25713       -122.5907    
    48.25733       -122.5727    
    48.25752       -122.5547    
    48.25771       -122.5367    
    48.25790       -122.5187    
    48.25808       -122.5007    
    48.25827       -122.4827    
    48.25844       -122.4647    
    48.25862       -122.4467    
    48.25879       -122.4286    
    48.25896       -122.4106    
    48.25913       -122.3926    

    48.26278       -123.0773    
    48.26305       -123.0593    
    48.26332       -123.0413    
    48.26359       -123.0233    
    48.26385       -123.0052    
    48.26411       -122.9872    
    48.26437       -122.9692    
    48.26463       -122.9512    
    48.26488       -122.9332    
    48.26513       -122.9152    
    48.26537       -122.8972    
    48.26561       -122.8792    
    48.26585       -122.8612    
    48.26609       -122.8432    
    48.26633       -122.8252    
    48.26656       -122.8072    
    48.26679       -122.7891    
    48.26701       -122.7711    
    48.26724       -122.7531    
    48.26746       -122.7351    
    48.26767       -122.7171    
    48.26789       -122.6991    
    48.26810       -122.6811    
    48.26831       -122.6631    
    48.26852       -122.6451    
    48.26872       -122.6270    
    48.26892       -122.6090    
    48.26912       -122.5910    
    48.26932       -122.5730    
    48.26951       -122.5550    
    48.26970       -122.5370    
    48.26989       -122.5190    
    48.27007       -122.5010    
    48.27025       -122.4829    
    48.27044       -122.4649    
    48.27061       -122.4469    
    48.27078       -122.4289    
    48.27095       -122.4109    
    48.27112       -122.3929    

    48.27477       -123.0777    
    48.27504       -123.0597    
    48.27532       -123.0417    
    48.27558       -123.0237    
    48.27584       -123.0056    
    48.27610       -122.9876    
    48.27636       -122.9696    
    48.27662       -122.9516    
    48.27687       -122.9336    
    48.27712       -122.9156    
    48.27736       -122.8976    
    48.27761       -122.8795    
    48.27785       -122.8615    
    48.27808       -122.8435    
    48.27832       -122.8255    
    48.27855       -122.8075    
    48.27878       -122.7895    
    48.27901       -122.7715    
    48.27923       -122.7534    
    48.27945       -122.7354    
    48.27967       -122.7174    
    48.27989       -122.6994    
    48.28010       -122.6814    
    48.28030       -122.6634    
    48.28051       -122.6454    
    48.28072       -122.6273    
    48.28092       -122.6093    
    48.28112       -122.5913    
    48.28131       -122.5733    
    48.28151       -122.5553    
    48.28170       -122.5373    
    48.28188       -122.5193    
    48.28207       -122.5013    
    48.28225       -122.4832    
    48.28242       -122.4652    
    48.28260       -122.4472    
    48.28278       -122.4292    
    48.28295       -122.4112    
    48.28311       -122.3931    

    48.28676       -123.0781    
    48.28703       -123.0601    
    48.28730       -123.0421    
    48.28757       -123.0240    
    48.28783       -123.0060    
    48.28809       -122.9880    
    48.28835       -122.9700    
    48.28861       -122.9520    
    48.28885       -122.9340    
    48.28910       -122.9160    
    48.28935       -122.8979    
    48.28960       -122.8799    
    48.28983       -122.8619    
    48.29007       -122.8439    
    48.29031       -122.8259    
    48.29054       -122.8078    
    48.29077       -122.7898    
    48.29099       -122.7718    
    48.29122       -122.7538    
    48.29144       -122.7358    
    48.29166       -122.7177    
    48.29187       -122.6997    
    48.29208       -122.6817    
    48.29229       -122.6637    
    48.29250       -122.6457    
    48.29271       -122.6277    
    48.29291       -122.6096    
    48.29311       -122.5916    
    48.29330       -122.5736    
    48.29349       -122.5556    
    48.29368       -122.5376    
    48.29387       -122.5195    
    48.29406       -122.5015    
    48.29424       -122.4835    
    48.29441       -122.4655    
    48.29459       -122.4474    
    48.29476       -122.4294    
    48.29493       -122.4114    
    48.29510       -122.3934    

    48.29876       -123.0785    
    48.29903       -123.0605    
    48.29930       -123.0424    
    48.29956       -123.0244    
    48.29982       -123.0064    
    48.30009       -122.9884    
    48.30034       -122.9704    
    48.30060       -122.9524    
    48.30085       -122.9343    
    48.30109       -122.9163    
    48.30134       -122.8983    
    48.30159       -122.8803    
    48.30183       -122.8622    
    48.30207       -122.8442    
    48.30230       -122.8262    
    48.30253       -122.8082    
    48.30276       -122.7902    
    48.30299       -122.7722    
    48.30321       -122.7541    
    48.30343       -122.7361    
    48.30365       -122.7181    
    48.30387       -122.7000    
    48.30408       -122.6820    
    48.30429       -122.6640    
    48.30450       -122.6460    
    48.30470       -122.6280    
    48.30490       -122.6099    
    48.30510       -122.5919    
    48.30529       -122.5739    
    48.30548       -122.5558    
    48.30568       -122.5378    
    48.30586       -122.5198    
    48.30605       -122.5018    
    48.30623       -122.4838    
    48.30641       -122.4657    
    48.30658       -122.4477    
    48.30676       -122.4297    
    48.30693       -122.4117    
    48.30709       -122.3936    

    48.31074       -123.0789    
    48.31101       -123.0609    
    48.31128       -123.0429    
    48.31155       -123.0248    
    48.31181       -123.0068    
    48.31207       -122.9888    
    48.31233       -122.9708    
    48.31258       -122.9527    
    48.31284       -122.9347    
    48.31308       -122.9167    
    48.31333       -122.8987    
    48.31358       -122.8806    
    48.31381       -122.8626    
    48.31405       -122.8446    
    48.31429       -122.8266    
    48.31452       -122.8085    
    48.31475       -122.7905    
    48.31498       -122.7725    
    48.31520       -122.7545    
    48.31542       -122.7364    
    48.31564       -122.7184    
    48.31585       -122.7004    
    48.31607       -122.6823    
    48.31628       -122.6643    
    48.31648       -122.6463    
    48.31668       -122.6283    
    48.31689       -122.6102    
    48.31709       -122.5922    
    48.31728       -122.5742    
    48.31747       -122.5562    
    48.31767       -122.5381    
    48.31785       -122.5201    
    48.31804       -122.5021    
    48.31821       -122.4840    
    48.31839       -122.4660    
    48.31857       -122.4480    
    48.31874       -122.4299    
    48.31892       -122.4119    
    48.31908       -122.3939    

    48.32273       -123.0793    
    48.32300       -123.0613    
    48.32327       -123.0433    
    48.32354       -123.0252    
    48.32380       -123.0072    
    48.32407       -122.9892    
    48.32432       -122.9712    
    48.32457       -122.9531    
    48.32483       -122.9351    
    48.32508       -122.9171    
    48.32533       -122.8990    
    48.32557       -122.8810    
    48.32581       -122.8630    
    48.32605       -122.8449    
    48.32628       -122.8269    
    48.32651       -122.8089    
    48.32674       -122.7909    
    48.32697       -122.7728    
    48.32719       -122.7548    
    48.32741       -122.7368    
    48.32763       -122.7187    
    48.32785       -122.7007    
    48.32806       -122.6827    
    48.32827       -122.6646    
    48.32847       -122.6466    
    48.32868       -122.6286    
    48.32888       -122.6105    
    48.32908       -122.5925    
    48.32928       -122.5745    
    48.32947       -122.5564    
    48.32966       -122.5384    
    48.32985       -122.5204    
    48.33003       -122.5023    
    48.33021       -122.4843    
    48.33039       -122.4663    
    48.33057       -122.4482    
    48.33074       -122.4302    
    48.33091       -122.4122    
    48.33108       -122.3941    

    48.33472       -123.0797    
    48.33499       -123.0617    
    48.33526       -123.0437    
    48.33552       -123.0256    
    48.33579       -123.0076    
    48.33605       -122.9896    
    48.33630       -122.9715    
    48.33656       -122.9535    
    48.33681       -122.9355    
    48.33706       -122.9174    
    48.33731       -122.8994    
    48.33755       -122.8814    
    48.33779       -122.8633    
    48.33802       -122.8453    
    48.33826       -122.8273    
    48.33850       -122.8092    
    48.33872       -122.7912    
    48.33895       -122.7732    
    48.33918       -122.7551    
    48.33940       -122.7371    
    48.33961       -122.7191    
    48.33983       -122.7010    
    48.34004       -122.6830    
    48.34025       -122.6649    
    48.34046       -122.6469    
    48.34067       -122.6289    
    48.34087       -122.6108    
    48.34106       -122.5928    
    48.34126       -122.5748    
    48.34145       -122.5567    
    48.34164       -122.5387    
    48.34183       -122.5207    
    48.34201       -122.5026    
    48.34220       -122.4846    
    48.34237       -122.4666    
    48.34255       -122.4485    
    48.34272       -122.4305    
    48.34290       -122.4124    
    48.34306       -122.3944    

    48.34671       -123.0801    
    48.34698       -123.0621    
    48.34725       -123.0441    
    48.34752       -123.0260    
    48.34778       -123.0080    
    48.34804       -122.9900    
    48.34830       -122.9719    
    48.34855       -122.9539    
    48.34881       -122.9359    
    48.34906       -122.9178    
    48.34930       -122.8998    
    48.34954       -122.8817    
    48.34979       -122.8637    
    48.35003       -122.8456    
    48.35026       -122.8276    
    48.35049       -122.8096    
    48.35072       -122.7915    
    48.35095       -122.7735    
    48.35117       -122.7555    
    48.35140       -122.7374    
    48.35161       -122.7194    
    48.35183       -122.7013    
    48.35204       -122.6833    
    48.35225       -122.6653    
    48.35246       -122.6472    
    48.35266       -122.6292    
    48.35286       -122.6111    
    48.35307       -122.5931    
    48.35326       -122.5750    
    48.35345       -122.5570    
    48.35364       -122.5390    
    48.35382       -122.5209    
    48.35401       -122.5029    
    48.35419       -122.4848    
    48.35437       -122.4668    
    48.35455       -122.4488    
    48.35472       -122.4307    
    48.35489       -122.4127    
    48.35506       -122.3946    

    48.35870       -123.0806    
    48.35896       -123.0625    
    48.35923       -123.0445    
    48.35950       -123.0264    
    48.35977       -123.0084    
    48.36003       -122.9904    
    48.36028       -122.9723    
    48.36054       -122.9543    
    48.36079       -122.9362    
    48.36104       -122.9182    
    48.36129       -122.9001    
    48.36153       -122.8821    
    48.36177       -122.8640    
    48.36201       -122.8460    
    48.36224       -122.8280    
    48.36248       -122.8099    
    48.36270       -122.7919    
    48.36293       -122.7738    
    48.36316       -122.7558    
    48.36338       -122.7378    
    48.36359       -122.7197    
    48.36381       -122.7017    
    48.36403       -122.6836    
    48.36423       -122.6656    
    48.36444       -122.6475    
    48.36464       -122.6295    
    48.36485       -122.6115    
    48.36505       -122.5934    
    48.36524       -122.5753    
    48.36544       -122.5573    
    48.36563       -122.5392    
    48.36581       -122.5212    
    48.36599       -122.5032    
    48.36618       -122.4851    
    48.36636       -122.4671    
    48.36654       -122.4490    
    48.36671       -122.4310    
    48.36687       -122.4129    
    48.36705       -122.3949    

    48.37069       -123.0810    
    48.37096       -123.0629    
    48.37123       -123.0449    
    48.37149       -123.0268    
    48.37176       -123.0088    
    48.37202       -122.9908    
    48.37228       -122.9727    
    48.37253       -122.9547    
    48.37279       -122.9366    
    48.37304       -122.9185    
    48.37328       -122.9005    
    48.37352       -122.8825    
    48.37377       -122.8644    
    48.37400       -122.8464    
    48.37424       -122.8283    
    48.37447       -122.8103    
    48.37470       -122.7922    
    48.37493       -122.7742    
    48.37515       -122.7561    
    48.37537       -122.7381    
    48.37559       -122.7200    
    48.37581       -122.7020    
    48.37602       -122.6839    
    48.37623       -122.6659    
    48.37644       -122.6478    
    48.37664       -122.6298    
    48.37684       -122.6117    
    48.37704       -122.5937    
    48.37724       -122.5757    
    48.37743       -122.5576    
    48.37762       -122.5396    
    48.37781       -122.5215    
    48.37799       -122.5034    
    48.37817       -122.4854    
    48.37836       -122.4673    
    48.37853       -122.4493    
    48.37870       -122.4312    
    48.37888       -122.4132    
    48.37904       -122.3951    

    48.38268       -123.0814    
    48.38294       -123.0633    
    48.38321       -123.0453    
    48.38348       -123.0272    
    48.38374       -123.0092    
    48.38400       -122.9911    
    48.38426       -122.9731    
    48.38452       -122.9550    
    48.38477       -122.9370    
    48.38502       -122.9189    
    48.38527       -122.9009    
    48.38551       -122.8828    
    48.38575       -122.8648    
    48.38599       -122.8467    
    48.38622       -122.8287    
    48.38646       -122.8106    
    48.38669       -122.7926    
    48.38691       -122.7745    
    48.38714       -122.7565    
    48.38736       -122.7384    
    48.38758       -122.7204    
    48.38779       -122.7023    
    48.38800       -122.6843    
    48.38821       -122.6662    
    48.38842       -122.6481    
    48.38863       -122.6301    
    48.38883       -122.6120    
    48.38902       -122.5940    
    48.38922       -122.5759    
    48.38942       -122.5579    
    48.38961       -122.5398    
    48.38979       -122.5218    
    48.38998       -122.5037    
    48.39016       -122.4857    
    48.39034       -122.4676    
    48.39051       -122.4496    
    48.39069       -122.4315    
    48.39086       -122.4135    
    48.39103       -122.3954    

    48.39467       -123.0818    
    48.39494       -123.0638    
    48.39521       -123.0457    
    48.39547       -123.0276    
    48.39574       -123.0096    
    48.39600       -122.9915    
    48.39626       -122.9735    
    48.39651       -122.9554    
    48.39677       -122.9373    
    48.39701       -122.9193    
    48.39726       -122.9012    
    48.39750       -122.8832    
    48.39774       -122.8651    
    48.39799       -122.8471    
    48.39822       -122.8290    
    48.39845       -122.8110    
    48.39869       -122.7929    
    48.39891       -122.7748    
    48.39914       -122.7568    
    48.39935       -122.7387    
    48.39957       -122.7207    
    48.39979       -122.7026    
    48.40000       -122.6846    
    48.40021       -122.6665    
    48.40041       -122.6485    
    48.40062       -122.6304    
    48.40083       -122.6123    
    48.40102       -122.5943    
    48.40122       -122.5762    
    48.40141       -122.5582    
    48.40160       -122.5401    
    48.40179       -122.5221    
    48.40197       -122.5040    
    48.40215       -122.4859    
    48.40233       -122.4679    
    48.40251       -122.4498    
    48.40268       -122.4318    
    48.40285       -122.4137    
    48.40302       -122.3956    

    48.40665       -123.0822    
    48.40692       -123.0641    
    48.40719       -123.0461    
    48.40746       -123.0280    
    48.40772       -123.0100    
    48.40798       -122.9919    
    48.40824       -122.9738    
    48.40850       -122.9558    
    48.40875       -122.9377    
    48.40900       -122.9197    
    48.40924       -122.9016    
    48.40948       -122.8835    
    48.40973       -122.8655    
    48.40997       -122.8474    
    48.41021       -122.8294    
    48.41043       -122.8113    
    48.41067       -122.7932    
    48.41089       -122.7752    
    48.41112       -122.7571    
    48.41134       -122.7391    
    48.41156       -122.7210    
    48.41177       -122.7029    
    48.41199       -122.6849    
    48.41219       -122.6668    
    48.41240       -122.6488    
    48.41261       -122.6307    
    48.41281       -122.6126    
    48.41301       -122.5946    
    48.41320       -122.5765    
    48.41340       -122.5584    
    48.41359       -122.5404    
    48.41378       -122.5223    
    48.41396       -122.5043    
    48.41414       -122.4862    
    48.41432       -122.4681    
    48.41450       -122.4501    
    48.41467       -122.4320    
    48.41484       -122.4139    
    48.41501       -122.3959    

    48.41864       -123.0826    
    48.41891       -123.0645    
    48.41919       -123.0465    
    48.41945       -123.0284    
    48.41971       -123.0104    
    48.41997       -122.9923    
    48.42023       -122.9742    
    48.42049       -122.9562    
    48.42074       -122.9381    
    48.42099       -122.9200    
    48.42124       -122.9020    
    48.42148       -122.8839    
    48.42172       -122.8658    
    48.42196       -122.8478    
    48.42220       -122.8297    
    48.42243       -122.8117    
    48.42266       -122.7936    
    48.42289       -122.7755    
    48.42311       -122.7575    
    48.42334       -122.7394    
    48.42355       -122.7213    
    48.42377       -122.7033    
    48.42398       -122.6852    
    48.42419       -122.6671    
    48.42440       -122.6491    
    48.42460       -122.6310    
    48.42480       -122.6129    
    48.42500       -122.5949    
    48.42520       -122.5768    
    48.42539       -122.5587    
    48.42558       -122.5407    
    48.42577       -122.5226    
    48.42596       -122.5045    
    48.42614       -122.4865    
    48.42631       -122.4684    
    48.42649       -122.4503    
    48.42666       -122.4323    
    48.42683       -122.4142    
    48.42700       -122.3961    

