    492.4002    
    472.8180    
    406.7999    
    307.6226    
    333.2501    
    440.1656    
    456.9460    
    408.5889    
    335.9869    
    221.6910    
    117.6826    
    65.10770    
    69.23791    
    122.3158    
    154.9756    
    122.6929    
    77.79688    
    66.87823    
    71.81891    
    53.19123    
    16.64023    
   0.4985947    
   0.5096889    
   1.4329651E-02
    0.000000    
    0.000000    
    0.000000    
    3.213812    
    9.410442    
    18.67918    
    38.55913    
    51.25408    
    39.44846    
    32.21909    
    49.81432    
    63.39407    
    59.99221    
    70.82372    
    72.98238    

    549.0713    
    477.3374    
    362.9295    
    233.1429    
    225.5820    
    359.6548    
    448.4679    
    466.5761    
    437.8993    
    315.7041    
    186.0666    
    98.78332    
    36.08318    
    42.22867    
    93.59009    
    102.4082    
    67.19301    
    51.05275    
    51.67715    
    33.15753    
    11.12141    
    6.315718    
    5.756766    
    1.813114    
    0.000000    
    0.000000    
    3.433720    
    18.20383    
    36.51297    
    35.69348    
    27.09050    
    40.65333    
    59.85152    
    60.19321    
    60.55347    
    66.99852    
    66.84534    
    72.80114    
    62.57262    

    492.6360    
    396.3429    
    241.1031    
    103.9280    
    80.35051    
    192.4758    
    313.6024    
    396.8995    
    421.7329    
    323.0984    
    195.5813    
    105.8459    
    30.87652    
    14.53638    
    58.59502    
    80.34364    
    58.15736    
    40.49354    
    29.37113    
    18.48586    
    13.69070    
    12.40357    
    10.33841    
    3.889627    
    0.000000    
    0.000000    
    11.15487    
    39.06128    
    60.69500    
    49.23234    
    18.89189    
    24.88022    
    64.43831    
    78.21197    
    68.34570    
    64.00645    
    60.13194    
    56.38705    
    41.85931    

    314.2396    
    237.9010    
    122.4971    
    31.08293    
    19.93477    
    80.77415    
    161.5975    
    237.0656    
    270.3795    
    216.7023    
    127.6617    
    57.48832    
    13.27724    
    13.84895    
    47.80999    
    60.94170    
    45.66166    
    27.99891    
    18.13116    
    22.26656    
    19.63736    
    10.78879    
    6.778044    
    2.173295    
    0.000000    
    0.000000    
    18.38030    
    56.73079    
    73.33334    
    51.54160    
    16.55875    
    18.20338    
    58.49697    
    80.12758    
    71.21566    
    52.14579    
    35.16814    
    23.45223    
    12.61300    

    190.7539    
    118.5300    
    45.98975    
    11.05167    
    23.81085    
    53.53297    
    84.96143    
    115.9766    
    123.4099    
    94.03420    
    49.94426    
    16.47651    
    5.879061    
    17.96548    
    41.72031    
    54.34895    
    42.73257    
    18.24895    
    12.65067    
    22.68578    
    17.19826    
    8.539342    
    3.975282    
   9.1309257E-02
   3.6614668E-02
   3.0993359E-02
    24.24726    
    76.53064    
    91.07236    
    51.72333    
    12.93435    
    20.73072    
    64.06244    
    86.83824    
    68.77154    
    31.58797    
    9.120042    
    3.022423    
    6.140389    

    149.7991    
    75.01649    
    19.25480    
    11.39870    
    46.93402    
    75.16634    
    74.07929    
    63.04525    
    45.18907    
    23.94432    
    8.660456    
    10.66195    
    29.16012    
    42.18340    
    56.48803    
    69.01492    
    49.00181    
    14.09793    
    8.941595    
    17.68312    
    13.39578    
    9.968766    
    5.314513    
    0.000000    
   3.6451936E-02
   0.6527702    
    29.98052    
    91.53891    
    104.6722    
    51.55156    
    9.059720    
    22.35206    
    67.99839    
    82.13239    
    47.93102    
    11.44497    
    0.000000    
    2.013725    
    21.09250    

    94.00756    
    46.94741    
    12.21817    
    15.23817    
    60.19977    
    97.60431    
    95.27412    
    69.20889    
    33.47010    
    6.892628    
    4.961522    
    38.71841    
    74.66798    
    71.48424    
    71.20766    
    69.57127    
    35.60239    
    6.665631    
    6.958900    
    14.38319    
    16.07747    
    16.73081    
    8.077642    
    0.000000    
    0.000000    
    4.464530    
    37.36759    
    91.61710    
    94.52791    
    39.43222    
    5.479939    
    24.99444    
    59.61370    
    54.13577    
    19.49537    
    1.853932    
   1.3485212E-02
    10.00773    
    35.44234    

    42.63184    
    28.43415    
    9.011757    
    13.78669    
    49.69768    
    83.77991    
    97.09657    
    85.66412    
    47.81791    
    11.38143    
    11.94120    
    60.72723    
    97.43034    
    82.54384    
    66.54241    
    44.67593    
    12.43725    
   0.4042112    
    2.889181    
    9.179714    
    19.15871    
    21.66735    
    8.799175    
    0.000000    
    0.000000    
    5.121475    
    34.21563    
    72.56065    
    63.08638    
    19.61988    
    4.227376    
    24.51808    
    40.18053    
    23.69811    
    3.808285    
   1.3485212E-02
    3.539617    
    22.41028    
    37.02645    

    28.41100    
    19.03420    
    5.417835    
    6.009163    
    20.21794    
    36.98763    
    54.02297    
    56.68454    
    33.10663    
    7.666225    
    10.48317    
    48.82352    
    81.24352    
    76.79742    
    61.45775    
    38.98021    
    13.28779    
    1.871077    
   0.1637554    
    4.190700    
    13.21022    
    13.74963    
    4.566356    
    0.000000    
   3.3494003E-02
    1.312379    
    18.44769    
    43.40071    
    34.45964    
    8.227736    
    2.834664    
    11.40046    
    13.79710    
    5.231306    
    3.577178    
    11.67652    
    21.42784    
    29.83445    
    22.37736    

    23.03334    
    11.25865    
    2.083096    
   0.4499967    
    1.748996    
    5.102539    
    11.52630    
    13.96168    
    7.623075    
    1.384154    
    5.975887    
    27.42994    
    53.62062    
    64.63525    
    65.07643    
    58.70119    
    38.26613    
    16.02962    
    3.856934    
    1.195659    
    3.558095    
    3.181323    
   0.8318939    
   1.3007025E-02
   3.3494003E-02
   3.3494003E-02
    9.735250    
    32.53036    
    32.99011    
    10.19500    
   0.4688808    
    1.140305    
    1.688454    
    1.017029    
    11.76787    
    35.00776    
    38.90857    
    21.54514    
    5.876459    

    11.06448    
    3.286636    
   0.1236507    
    0.000000    
    0.000000    
    0.000000    
    0.000000    
    3.348906    
    6.701401    
    3.352494    
    2.472399    
    9.633668    
    27.33094    
    49.97501    
    61.13794    
    61.16419    
    54.62110    
    36.30002    
    11.51052    
    0.000000    
    0.000000    
    0.000000    
   1.3323179E-02
   1.3323179E-02
    0.000000    
    0.000000    
    13.93824    
    48.41415    
    51.16183    
    16.68592    
    0.000000    
    5.008521    
    17.18365    
    20.39471    
    24.66230    
    37.55863    
    27.05924    
    6.203988    
   0.2606537    

    2.226116    
   0.3139961    
    0.000000    
    0.000000    
    0.000000    
    0.000000    
    0.000000    
    6.714243    
    13.43568    
    6.721437    
    0.000000    
    0.000000    
    8.074280    
    26.32816    
    37.33286    
    36.81822    
    38.94131    
    32.70724    
    11.50517    
    0.000000    
    0.000000    
    0.000000    
    0.000000    
    0.000000    
   2.5801156E-02
   2.5801156E-02
    21.60339    
    65.59983    
    61.25407    
    17.25762    
    0.000000    
    14.12531    
    44.33252    
    54.28104    
    39.14371    
    21.04523    
    6.052377    
   9.3770407E-02
   1.6744880E-02

    0.000000    
    0.000000    
    0.000000    
    0.000000    
    0.000000    
    0.000000    
   4.1557845E-02
    3.406894    
    6.734280    
    3.410180    
   4.8754528E-02
   3.3318650E-02
    1.136338    
    5.600931    
    9.924297    
    10.18432    
    11.63081    
    10.92971    
    4.049316    
    0.000000    
    0.000000    
   1.2917298E-02
   1.0456445E-02
    0.000000    
   2.3700612E-02
    1.469691    
    27.85335    
    64.10786    
    47.88036    
    10.17985    
   0.3051023    
    22.89841    
    63.54216    
    68.96046    
    37.42162    
    9.410015    
   1.1370775E-02
   2.8115656E-02
   1.6744880E-02

    0.000000    
    0.000000    
    0.000000    
    0.000000    
    0.000000    
    0.000000    
   4.1557845E-02
   4.1557845E-02
    0.000000    
   4.1236896E-02
   4.1272961E-02
   2.5976231E-02
   2.5940165E-02
    0.000000    
    0.000000    
    0.000000    
   0.1662162    
   0.3639482    
   0.2056393    
   1.3302619E-02
    0.000000    
    1.502171    
    4.008191    
    4.080505    
    3.436543    
    11.94728    
    42.27869    
    56.25723    
    26.45528    
    2.391519    
    3.434929    
    37.10444    
    80.46402    
    66.66103    
    22.45870    
    2.592170    
   1.1679590E-02
   1.1679590E-02
    0.000000    

    0.000000    
    0.000000    
    0.000000    
    0.000000    
    0.000000    
    0.000000    
    0.000000    
    0.000000    
    0.000000    
    0.000000    
    0.000000    
    0.000000    
    0.000000    
    0.000000    
    0.000000    
    0.000000    
    0.000000    
    0.000000    
   1.4128448E-02
   1.9523809E-02
    0.000000    
    5.716307    
    14.85417    
    16.29664    
    17.56109    
    33.12482    
    55.87147    
    47.79008    
    14.64112    
    0.000000    
    10.03309    
    55.12858    
    93.93204    
    62.37885    
    13.54230    
    0.000000    
    0.000000    
    0.000000    
    0.000000    

    0.000000    
    0.000000    
    0.000000    
    0.000000    
    0.000000    
    0.000000    
    0.000000    
    0.000000    
    0.000000    
    0.000000    
    0.000000    
    0.000000    
    0.000000    
    0.000000    
    0.000000    
    0.000000    
    0.000000    
   1.8579122E-02
   2.4477132E-02
    0.000000    
   0.7675991    
    10.94780    
    24.86040    
    28.85986    
    35.43582    
    50.54696    
    53.59426    
    30.77072    
    6.467256    
    0.000000    
    17.66566    
    71.23215    
    103.0794    
    62.52305    
    13.01013    
    0.000000    
   1.7118732E-02
    0.000000    
    0.000000    

    0.000000    
    0.000000    
    0.000000    
    0.000000    
    0.000000    
    0.000000    
    0.000000    
    0.000000    
    0.000000    
    0.000000    
    0.000000    
    0.000000    
    0.000000    
    0.000000    
    0.000000    
    0.000000    
   2.6302569E-02
   4.4558510E-02
   0.4630875    
    6.921365    
    16.16513    
    22.80689    
    30.25082    
    37.99671    
    48.64633    
    56.52437    
    42.63871    
    14.81941    
   0.9247922    
    0.000000    
    24.14854    
    86.73275    
    118.6920    
    76.37608    
    22.11970    
    2.272386    
   0.4295337    
    0.000000    
    0.000000    

    0.000000    
    0.000000    
    0.000000    
    0.000000    
    0.000000    
    0.000000    
    0.000000    
    0.000000    
    0.000000    
    0.000000    
    0.000000    
    0.000000    
    0.000000    
    0.000000    
    0.000000    
    0.000000    
   2.5979389E-02
    1.352838    
    8.170636    
    24.38830    
    36.70703    
    32.86931    
    33.46071    
    46.40266    
    53.72723    
    47.71725    
    26.49709    
    5.858317    
    0.000000    
    0.000000    
    26.63720    
    96.19556    
    132.8925    
    94.97464    
    40.74204    
    10.10371    
    1.002136    
    0.000000    
    0.000000    

    0.000000    
    0.000000    
    0.000000    
    0.000000    
    0.000000    
    0.000000    
    0.000000    
    0.000000    
    0.000000    
    0.000000    
    0.000000    
    0.000000    
    0.000000    
    0.000000    
    0.000000    
    0.000000    
    0.000000    
    6.719411    
    23.98664    
    33.09099    
    27.29899    
    20.02357    
    23.83250    
    35.60653    
    35.62034    
    23.24280    
    9.040425    
    1.121323    
   2.8867330E-02
    0.000000    
    26.34813    
    96.84456    
    135.0437    
    103.0446    
    54.32906    
    16.62854    
    2.857923    
    4.251142    
    2.196230    

    0.000000    
    0.000000    
    0.000000    
    0.000000    
    0.000000    
    0.000000    
    0.000000    
    0.000000    
    0.000000    
    0.000000    
    0.000000    
    0.000000    
    0.000000    
    0.000000    
    0.000000    
    0.000000    
    0.000000    
    13.20487    
    37.66665    
    34.94405    
    13.36993    
    6.292336    
    9.191906    
    11.83928    
    9.337790    
    4.126494    
   0.8618634    
   4.7047094E-02
   2.5932573E-02
    0.000000    
    25.23051    
    92.76129    
    129.6279    
    101.0048    
    56.96596    
    21.73723    
    12.50003    
    16.07568    
    7.536836    

    0.000000    
    0.000000    
    0.000000    
    0.000000    
    0.000000    
    0.000000    
    0.000000    
    0.000000    
    0.000000    
    0.000000    
    0.000000    
    0.000000    
    0.000000    
    0.000000    
    0.000000    
    0.000000    
    0.000000    
    14.64353    
    43.70115    
    47.12445    
    28.34219    
    19.44050    
    19.63001    
    15.95288    
    5.488011    
    0.000000    
   2.7963459E-02
   2.8166940E-02
    0.000000    
    0.000000    
    16.57985    
    66.17674    
    95.72752    
    74.53614    
    47.18721    
    30.71221    
    25.37684    
    20.74902    
    7.948626    

    0.000000    
    0.000000    
    0.000000    
    0.000000    
    0.000000    
    0.000000    
    0.000000    
    0.000000    
    0.000000    
    0.000000    
    0.000000    
    0.000000    
    0.000000    
    0.000000    
    0.000000    
    0.000000    
    0.000000    
    8.902924    
    32.78731    
    48.58425    
    45.57852    
    40.18598    
    41.88015    
    35.44778    
    12.97282    
   0.3393787    
   0.2483725    
    0.000000    
    0.000000    
   7.3478803E-02
    4.519884    
    22.20456    
    34.30744    
    26.84013    
    24.71743    
    28.49077    
    22.76269    
    10.93661    
    2.791357    

    0.000000    
    0.000000    
    0.000000    
    0.000000    
    0.000000    
    0.000000    
    0.000000    
    0.000000    
    0.000000    
    0.000000    
    0.000000    
    0.000000    
    0.000000    
    0.000000    
    0.000000    
    0.000000    
   4.1097950E-02
    2.112806    
    11.97586    
    32.99337    
    50.45496    
    51.26536    
    47.12948    
    34.27186    
    13.34682    
    5.101306    
    2.796478    
   1.1707260E-02
   1.1707260E-02
   7.3478803E-02
   7.3478803E-02
   0.9439929    
    1.710032    
    1.774317    
    7.034212    
    12.01884    
    8.005039    
    2.012132    
   0.1833371    

    0.000000    
    0.000000    
    0.000000    
    0.000000    
    0.000000    
    0.000000    
    0.000000    
    0.000000    
    0.000000    
    0.000000    
    0.000000    
    0.000000    
    0.000000    
    0.000000    
    0.000000    
    0.000000    
   4.1097950E-02
   4.1097950E-02
    1.483872    
    22.13949    
    52.15655    
    55.17001    
    41.79642    
    24.16064    
    11.65841    
    11.46435    
    5.839248    
   1.1707260E-02
    3.757235    
    15.74764    
    20.77100    
    9.486941    
   0.7180563    
   0.1634382    
    1.067759    
    1.300272    
   0.4022265    
    0.000000    
    0.000000    

    0.000000    
    0.000000    
    0.000000    
    0.000000    
    0.000000    
    0.000000    
    0.000000    
    0.000000    
    0.000000    
    0.000000    
    0.000000    
    0.000000    
    0.000000    
    0.000000    
    0.000000    
    0.000000    
    0.000000    
   1.0044269E-02
   1.0044269E-02
    14.08966    
    39.96546    
    47.47564    
    40.54480    
    28.38938    
    18.80269    
    16.79152    
    8.756050    
    4.943842    
    22.18260    
    59.92255    
    74.48919    
    40.48988    
    7.361679    
    0.000000    
    0.000000    
    0.000000    
    0.000000    
    0.000000    
   3.0298024E-02

    0.000000    
    0.000000    
    0.000000    
    0.000000    
    0.000000    
    0.000000    
    0.000000    
    0.000000    
    0.000000    
    0.000000    
    0.000000    
    0.000000    
    0.000000    
    0.000000    
    0.000000    
    0.000000    
    0.000000    
   1.0044269E-02
   1.6091477E-02
    4.169782    
    15.97552    
    31.03336    
    43.83121    
    43.15550    
    33.75331    
    25.81386    
    18.00898    
    24.43890    
    55.87550    
    100.4957    
    111.8440    
    64.88371    
    14.69632    
    0.000000    
    0.000000    
    0.000000    
    0.000000    
    0.000000    
   0.2133506    

    0.000000    
    0.000000    
    0.000000    
    0.000000    
    0.000000    
    0.000000    
    0.000000    
    0.000000    
    0.000000    
    0.000000    
    0.000000    
    0.000000    
    0.000000    
    0.000000    
    0.000000    
    0.000000    
    0.000000    
    0.000000    
   1.1626815E-02
   1.1626815E-02
    2.552064    
    17.03366    
    41.02585    
    49.91426    
    41.95027    
    32.60558    
    31.25507    
    53.03340    
    88.07718    
    112.3005    
    101.1974    
    50.97105    
    9.800624    
    0.000000    
    0.000000    
    0.000000    
    0.000000    
   0.2148911    
   0.9410037    

    0.000000    
    0.000000    
    0.000000    
    0.000000    
    0.000000    
    0.000000    
    0.000000    
    0.000000    
    0.000000    
    0.000000    
    0.000000    
    0.000000    
    0.000000    
    0.000000    
    0.000000    
    0.000000    
    0.000000    
    0.000000    
    0.000000    
    0.000000    
   0.2236411    
    8.499735    
    27.71453    
    37.60570    
    35.46101    
    37.28769    
    50.02254    
    79.31004    
    106.1605    
    102.3493    
    64.26553    
    20.54323    
    1.753601    
    0.000000    
   2.3403829E-02
   0.1069205    
   0.3651144    
    1.113632    
    2.154680    

    0.000000    
    0.000000    
    0.000000    
    0.000000    
    0.000000    
    0.000000    
    0.000000    
    0.000000    
    0.000000    
    0.000000    
    0.000000    
    0.000000    
    0.000000    
    0.000000    
    0.000000    
    0.000000    
    0.000000    
    0.000000    
    0.000000    
    0.000000    
    0.000000    
    3.144316    
    11.63404    
    17.44148    
    21.11853    
    32.96627    
    53.10905    
    76.62474    
    88.68330    
    67.88552    
    26.97038    
    3.452966    
   2.1538645E-02
   2.1538645E-02
   0.1525008    
   0.5959076    
    1.344029    
    2.306522    
    2.936677    

    0.000000    
    0.000000    
    0.000000    
    0.000000    
    0.000000    
    0.000000    
    0.000000    
    0.000000    
    0.000000    
    0.000000    
    0.000000    
    0.000000    
    0.000000    
    0.000000    
    0.000000    
    0.000000    
    0.000000    
    0.000000    
    0.000000    
    0.000000    
    0.000000    
   0.4224936    
    2.595573    
    7.602518    
    17.02560    
    28.92803    
    38.31574    
    44.02709    
    39.98307    
    22.72283    
    6.521297    
    1.480889    
   0.7519306    
   7.8248009E-02
   0.7802181    
    2.195235    
    2.991843    
    2.955799    
    2.942308    

    0.000000    
    0.000000    
    0.000000    
    0.000000    
    0.000000    
    0.000000    
    0.000000    
    0.000000    
    0.000000    
    0.000000    
    0.000000    
    0.000000    
    0.000000    
    0.000000    
    0.000000    
    0.000000    
    0.000000    
    0.000000    
    0.000000    
    0.000000    
    0.000000    
    0.000000    
   0.4269622    
    7.695000    
    28.60108    
    50.26826    
    57.91530    
    43.97870    
    16.20550    
    1.206879    
    3.158880    
    6.734807    
    3.709272    
    1.362474    
    4.936432    
    8.489773    
    7.571734    
    3.889193    
    2.518763    

    0.000000    
    0.000000    
    0.000000    
    0.000000    
    0.000000    
    0.000000    
    0.000000    
    0.000000    
    0.000000    
    0.000000    
    0.000000    
    0.000000    
    0.000000    
    0.000000    
    0.000000    
    0.000000    
    0.000000    
    0.000000    
    0.000000    
    0.000000    
    0.000000    
    0.000000    
    0.000000    
    8.215261    
    35.58279    
    71.00089    
    91.83797    
    68.70982    
    20.50520    
    0.000000    
    8.218842    
    18.61197    
    11.60668    
    3.505908    
    9.703728    
    15.80503    
    11.99885    
    4.600469    
    2.347040    

    0.000000    
    0.000000    
    0.000000    
    0.000000    
    0.000000    
    0.000000    
    0.000000    
    0.000000    
    0.000000    
    0.000000    
    0.000000    
    0.000000    
    0.000000    
    0.000000    
    0.000000    
    0.000000    
    0.000000    
    0.000000    
    0.000000    
    0.000000    
    0.000000    
    0.000000    
    0.000000    
    5.994553    
    26.16443    
    60.72520    
    85.58324    
    61.08776    
    16.05984    
    0.000000    
    15.46352    
    36.62886    
    25.63897    
    5.713222    
    7.461141    
    13.12745    
    9.347031    
    3.734313    
    2.732228    

    0.000000    
    0.000000    
    0.000000    
    0.000000    
    0.000000    
    0.000000    
    0.000000    
    0.000000    
    0.000000    
    0.000000    
    0.000000    
    0.000000    
    0.000000    
    0.000000    
    0.000000    
    0.000000    
    0.000000    
    0.000000    
    0.000000    
    0.000000    
    0.000000    
   1.2273317E-02
   1.2273317E-02
    3.878791    
    14.75273    
    35.09753    
    49.31720    
    31.45279    
    6.359179    
    2.103522    
    25.28254    
    53.97266    
    40.01007    
    9.399284    
    2.755254    
    5.360568    
    4.254726    
    2.963384    
    3.005435    

    0.000000    
    0.000000    
    0.000000    
    0.000000    
    0.000000    
    0.000000    
    0.000000    
    0.000000    
    0.000000    
    0.000000    
   0.4479737    
   0.7901944    
   0.3529254    
    0.000000    
    0.000000    
    0.000000    
   5.7484481E-02
   5.7484481E-02
    0.000000    
    0.000000    
    0.000000    
   1.2273317E-02
   1.2273317E-02
    10.25037    
    29.14702    
    33.22178    
    22.58996    
    9.726777    
    1.461943    
    8.747126    
    40.39888    
    64.64451    
    43.39355    
    10.66132    
    1.647730    
    2.744536    
    2.843258    
    2.989626    
    2.993383    

    0.000000    
    0.000000    
    0.000000    
    0.000000    
    0.000000    
    0.000000    
    0.000000    
    0.000000    
    0.000000    
    0.000000    
   0.7989868    
    2.296577    
    2.848878    
    1.649919    
    4.746269    
    8.720673    
    4.330519    
   5.7987932E-02
    0.000000    
    0.000000    
    0.000000    
    0.000000    
    6.575511    
    39.06583    
    71.14470    
    54.90695    
    25.31388    
    13.98067    
    4.919360    
    15.35748    
    52.32513    
    63.64719    
    32.75237    
    6.821363    
    2.246087    
    2.961070    
    2.908988    
    2.902392    
    2.931640    

