    47.28861       -122.3022    
    47.28876       -122.2845    
    47.28891       -122.2668    
    47.28905       -122.2492    
    47.28920       -122.2315    
    47.28933       -122.2138    
    47.28947       -122.1962    
    47.28960       -122.1785    
    47.28974       -122.1608    
    47.28987       -122.1431    
    47.28999       -122.1255    
    47.29012       -122.1078    
    47.29023       -122.0901    
    47.29035       -122.0724    
    47.29046       -122.0547    
    47.29058       -122.0371    
    47.29068       -122.0194    
    47.29079       -122.0017    
    47.29090       -121.9841    
    47.29100       -121.9664    
    47.29110       -121.9487    
    47.29119       -121.9310    
    47.29128       -121.9134    
    47.29137       -121.8957    
    47.29146       -121.8780    
    47.29155       -121.8603    
    47.29163       -121.8427    
    47.29171       -121.8250    
    47.29178       -121.8073    
    47.29185       -121.7896    
    47.29192       -121.7719    
    47.29199       -121.7543    
    47.29206       -121.7366    
    47.29212       -121.7189    
    47.29218       -121.7013    
    47.29223       -121.6836    
    47.29229       -121.6659    
    47.29234       -121.6482    
    47.29239       -121.6306    
    47.29243       -121.6129    
    47.29248       -121.5952    
    47.29251       -121.5775    

    47.30061       -122.3024    
    47.30076       -122.2847    
    47.30091       -122.2671    
    47.30105       -122.2494    
    47.30119       -122.2317    
    47.30133       -122.2140    
    47.30147       -122.1964    
    47.30161       -122.1787    
    47.30173       -122.1610    
    47.30186       -122.1433    
    47.30199       -122.1256    
    47.30211       -122.1080    
    47.30223       -122.0903    
    47.30235       -122.0726    
    47.30246       -122.0549    
    47.30257       -122.0373    
    47.30268       -122.0196    
    47.30279       -122.0019    
    47.30289       -121.9842    
    47.30299       -121.9665    
    47.30309       -121.9489    
    47.30319       -121.9312    
    47.30328       -121.9135    
    47.30337       -121.8958    
    47.30346       -121.8781    
    47.30354       -121.8604    
    47.30362       -121.8428    
    47.30370       -121.8251    
    47.30378       -121.8074    
    47.30385       -121.7897    
    47.30392       -121.7721    
    47.30399       -121.7544    
    47.30405       -121.7367    
    47.30412       -121.7190    
    47.30417       -121.7013    
    47.30423       -121.6837    
    47.30429       -121.6660    
    47.30434       -121.6483    
    47.30438       -121.6306    
    47.30443       -121.6129    
    47.30447       -121.5952    
    47.30452       -121.5776    

    47.31259       -122.3026    
    47.31274       -122.2850    
    47.31289       -122.2673    
    47.31303       -122.2496    
    47.31318       -122.2319    
    47.31332       -122.2142    
    47.31345       -122.1966    
    47.31359       -122.1789    
    47.31372       -122.1612    
    47.31385       -122.1435    
    47.31397       -122.1258    
    47.31409       -122.1082    
    47.31421       -122.0905    
    47.31433       -122.0728    
    47.31445       -122.0551    
    47.31456       -122.0374    
    47.31467       -122.0197    
    47.31477       -122.0020    
    47.31488       -121.9844    
    47.31498       -121.9667    
    47.31507       -121.9490    
    47.31517       -121.9313    
    47.31527       -121.9136    
    47.31536       -121.8959    
    47.31544       -121.8783    
    47.31553       -121.8606    
    47.31561       -121.8429    
    47.31568       -121.8252    
    47.31576       -121.8075    
    47.31583       -121.7899    
    47.31590       -121.7722    
    47.31598       -121.7545    
    47.31604       -121.7368    
    47.31610       -121.7191    
    47.31616       -121.7014    
    47.31621       -121.6837    
    47.31627       -121.6660    
    47.31632       -121.6484    
    47.31637       -121.6307    
    47.31641       -121.6130    
    47.31646       -121.5953    
    47.31650       -121.5776    

    47.32458       -122.3029    
    47.32474       -122.2852    
    47.32489       -122.2675    
    47.32503       -122.2498    
    47.32517       -122.2321    
    47.32531       -122.2144    
    47.32545       -122.1967    
    47.32558       -122.1791    
    47.32571       -122.1614    
    47.32585       -122.1437    
    47.32597       -122.1260    
    47.32609       -122.1083    
    47.32621       -122.0906    
    47.32632       -122.0729    
    47.32644       -122.0553    
    47.32655       -122.0376    
    47.32666       -122.0199    
    47.32677       -122.0022    
    47.32687       -121.9845    
    47.32697       -121.9668    
    47.32707       -121.9491    
    47.32717       -121.9315    
    47.32726       -121.9138    
    47.32735       -121.8961    
    47.32743       -121.8784    
    47.32752       -121.8607    
    47.32760       -121.8430    
    47.32768       -121.8253    
    47.32776       -121.8076    
    47.32783       -121.7899    
    47.32790       -121.7722    
    47.32797       -121.7546    
    47.32804       -121.7369    
    47.32810       -121.7192    
    47.32816       -121.7015    
    47.32821       -121.6838    
    47.32826       -121.6661    
    47.32832       -121.6484    
    47.32837       -121.6308    
    47.32841       -121.6131    
    47.32845       -121.5954    
    47.32850       -121.5777    

    47.33657       -122.3031    
    47.33672       -122.2854    
    47.33687       -122.2677    
    47.33702       -122.2500    
    47.33715       -122.2323    
    47.33730       -122.2146    
    47.33743       -122.1970    
    47.33757       -122.1793    
    47.33770       -122.1616    
    47.33783       -122.1439    
    47.33795       -122.1262    
    47.33807       -122.1085    
    47.33820       -122.0908    
    47.33831       -122.0731    
    47.33843       -122.0554    
    47.33854       -122.0378    
    47.33865       -122.0201    
    47.33875       -122.0023    
    47.33886       -121.9846    
    47.33896       -121.9670    
    47.33905       -121.9493    
    47.33915       -121.9316    
    47.33924       -121.9139    
    47.33933       -121.8962    
    47.33942       -121.8785    
    47.33950       -121.8608    
    47.33959       -121.8431    
    47.33966       -121.8254    
    47.33974       -121.8077    
    47.33981       -121.7901    
    47.33989       -121.7724    
    47.33995       -121.7547    
    47.34002       -121.7370    
    47.34008       -121.7193    
    47.34014       -121.7016    
    47.34019       -121.6839    
    47.34025       -121.6662    
    47.34030       -121.6485    
    47.34035       -121.6308    
    47.34039       -121.6131    
    47.34044       -121.5954    
    47.34048       -121.5778    

    47.34856       -122.3033    
    47.34872       -122.2856    
    47.34887       -122.2679    
    47.34901       -122.2502    
    47.34915       -122.2325    
    47.34929       -122.2148    
    47.34943       -122.1971    
    47.34956       -122.1794    
    47.34969       -122.1618    
    47.34982       -122.1441    
    47.34995       -122.1264    
    47.35007       -122.1087    
    47.35019       -122.0910    
    47.35030       -122.0733    
    47.35042       -122.0556    
    47.35053       -122.0379    
    47.35064       -122.0202    
    47.35075       -122.0025    
    47.35085       -121.9848    
    47.35095       -121.9671    
    47.35105       -121.9494    
    47.35114       -121.9317    
    47.35124       -121.9140    
    47.35133       -121.8963    
    47.35141       -121.8786    
    47.35150       -121.8609    
    47.35158       -121.8433    
    47.35166       -121.8256    
    47.35173       -121.8079    
    47.35181       -121.7902    
    47.35188       -121.7725    
    47.35194       -121.7548    
    47.35201       -121.7371    
    47.35207       -121.7194    
    47.35213       -121.7017    
    47.35219       -121.6840    
    47.35224       -121.6663    
    47.35229       -121.6486    
    47.35234       -121.6309    
    47.35239       -121.6132    
    47.35243       -121.5955    
    47.35247       -121.5778    

    47.36055       -122.3035    
    47.36070       -122.2858    
    47.36085       -122.2682    
    47.36099       -122.2505    
    47.36114       -122.2328    
    47.36127       -122.2151    
    47.36141       -122.1974    
    47.36155       -122.1797    
    47.36168       -122.1620    
    47.36180       -122.1443    
    47.36193       -122.1266    
    47.36206       -122.1089    
    47.36217       -122.0912    
    47.36229       -122.0735    
    47.36241       -122.0558    
    47.36252       -122.0381    
    47.36263       -122.0204    
    47.36274       -122.0027    
    47.36284       -121.9850    
    47.36294       -121.9673    
    47.36304       -121.9496    
    47.36313       -121.9319    
    47.36322       -121.9142    
    47.36332       -121.8965    
    47.36340       -121.8788    
    47.36348       -121.8611    
    47.36357       -121.8434    
    47.36365       -121.8257    
    47.36372       -121.8080    
    47.36380       -121.7903    
    47.36386       -121.7726    
    47.36393       -121.7549    
    47.36400       -121.7372    
    47.36406       -121.7195    
    47.36412       -121.7018    
    47.36418       -121.6841    
    47.36423       -121.6664    
    47.36428       -121.6487    
    47.36433       -121.6310    
    47.36438       -121.6133    
    47.36442       -121.5956    
    47.36446       -121.5779    

    47.37254       -122.3038    
    47.37270       -122.2861    
    47.37284       -122.2684    
    47.37299       -122.2507    
    47.37313       -122.2330    
    47.37327       -122.2152    
    47.37341       -122.1975    
    47.37354       -122.1798    
    47.37367       -122.1621    
    47.37380       -122.1444    
    47.37392       -122.1267    
    47.37405       -122.1090    
    47.37417       -122.0913    
    47.37429       -122.0736    
    47.37440       -122.0559    
    47.37451       -122.0382    
    47.37462       -122.0205    
    47.37473       -122.0028    
    47.37483       -121.9851    
    47.37493       -121.9674    
    47.37503       -121.9497    
    47.37513       -121.9320    
    47.37522       -121.9143    
    47.37531       -121.8966    
    47.37540       -121.8789    
    47.37548       -121.8612    
    47.37556       -121.8435    
    47.37564       -121.8258    
    47.37571       -121.8081    
    47.37579       -121.7904    
    47.37586       -121.7727    
    47.37593       -121.7550    
    47.37599       -121.7373    
    47.37605       -121.7195    
    47.37611       -121.7018    
    47.37617       -121.6841    
    47.37622       -121.6664    
    47.37627       -121.6487    
    47.37632       -121.6310    
    47.37637       -121.6133    
    47.37642       -121.5956    
    47.37646       -121.5779    

    47.38453       -122.3040    
    47.38468       -122.2863    
    47.38483       -122.2686    
    47.38497       -122.2509    
    47.38512       -122.2332    
    47.38525       -122.2155    
    47.38539       -122.1978    
    47.38552       -122.1801    
    47.38566       -122.1623    
    47.38579       -122.1446    
    47.38591       -122.1269    
    47.38604       -122.1092    
    47.38615       -122.0915    
    47.38627       -122.0738    
    47.38639       -122.0561    
    47.38651       -122.0384    
    47.38661       -122.0207    
    47.38671       -122.0030    
    47.38682       -121.9853    
    47.38692       -121.9676    
    47.38702       -121.9499    
    47.38711       -121.9321    
    47.38720       -121.9144    
    47.38729       -121.8967    
    47.38738       -121.8790    
    47.38747       -121.8613    
    47.38755       -121.8436    
    47.38763       -121.8259    
    47.38771       -121.8082    
    47.38778       -121.7905    
    47.38785       -121.7728    
    47.38791       -121.7551    
    47.38798       -121.7374    
    47.38804       -121.7196    
    47.38810       -121.7019    
    47.38816       -121.6842    
    47.38821       -121.6665    
    47.38826       -121.6488    
    47.38831       -121.6311    
    47.38836       -121.6134    
    47.38840       -121.5957    
    47.38844       -121.5780    

    47.39653       -122.3042    
    47.39667       -122.2865    
    47.39682       -122.2688    
    47.39697       -122.2511    
    47.39711       -122.2334    
    47.39725       -122.2157    
    47.39738       -122.1979    
    47.39752       -122.1802    
    47.39765       -122.1625    
    47.39778       -122.1448    
    47.39790       -122.1271    
    47.39803       -122.1094    
    47.39815       -122.0917    
    47.39827       -122.0740    
    47.39838       -122.0563    
    47.39849       -122.0385    
    47.39860       -122.0208    
    47.39871       -122.0031    
    47.39881       -121.9854    
    47.39891       -121.9677    
    47.39901       -121.9500    
    47.39911       -121.9323    
    47.39920       -121.9146    
    47.39929       -121.8969    
    47.39938       -121.8792    
    47.39946       -121.8614    
    47.39954       -121.8437    
    47.39962       -121.8260    
    47.39970       -121.8083    
    47.39977       -121.7906    
    47.39984       -121.7729    
    47.39991       -121.7552    
    47.39997       -121.7375    
    47.40004       -121.7197    
    47.40010       -121.7020    
    47.40015       -121.6843    
    47.40021       -121.6666    
    47.40026       -121.6489    
    47.40031       -121.6312    
    47.40035       -121.6135    
    47.40039       -121.5957    
    47.40044       -121.5780    

    47.40851       -122.3044    
    47.40866       -122.2867    
    47.40881       -122.2690    
    47.40895       -122.2513    
    47.40910       -122.2336    
    47.40924       -122.2159    
    47.40937       -122.1982    
    47.40951       -122.1805    
    47.40964       -122.1627    
    47.40977       -122.1450    
    47.40989       -122.1273    
    47.41002       -122.1096    
    47.41014       -122.0919    
    47.41026       -122.0742    
    47.41037       -122.0564    
    47.41048       -122.0387    
    47.41059       -122.0210    
    47.41069       -122.0033    
    47.41080       -121.9856    
    47.41090       -121.9679    
    47.41100       -121.9501    
    47.41109       -121.9324    
    47.41119       -121.9147    
    47.41127       -121.8970    
    47.41137       -121.8793    
    47.41145       -121.8616    
    47.41153       -121.8438    
    47.41161       -121.8261    
    47.41169       -121.8084    
    47.41176       -121.7907    
    47.41183       -121.7730    
    47.41190       -121.7552    
    47.41196       -121.7375    
    47.41203       -121.7198    
    47.41209       -121.7021    
    47.41214       -121.6844    
    47.41220       -121.6667    
    47.41224       -121.6490    
    47.41229       -121.6313    
    47.41234       -121.6135    
    47.41238       -121.5958    
    47.41242       -121.5781    

    47.42050       -122.3047    
    47.42065       -122.2870    
    47.42080       -122.2692    
    47.42095       -122.2515    
    47.42109       -122.2338    
    47.42123       -122.2161    
    47.42137       -122.1984    
    47.42150       -122.1806    
    47.42163       -122.1629    
    47.42176       -122.1452    
    47.42189       -122.1275    
    47.42201       -122.1098    
    47.42213       -122.0920    
    47.42225       -122.0743    
    47.42236       -122.0566    
    47.42248       -122.0389    
    47.42258       -122.0211    
    47.42269       -122.0034    
    47.42279       -121.9857    
    47.42289       -121.9680    
    47.42299       -121.9503    
    47.42309       -121.9326    
    47.42318       -121.9148    
    47.42327       -121.8971    
    47.42336       -121.8794    
    47.42344       -121.8617    
    47.42352       -121.8440    
    47.42360       -121.8262    
    47.42368       -121.8085    
    47.42375       -121.7908    
    47.42382       -121.7731    
    47.42389       -121.7554    
    47.42396       -121.7376    
    47.42402       -121.7199    
    47.42408       -121.7022    
    47.42413       -121.6845    
    47.42419       -121.6667    
    47.42424       -121.6490    
    47.42429       -121.6313    
    47.42434       -121.6136    
    47.42437       -121.5959    
    47.42442       -121.5782    

    47.43249       -122.3049    
    47.43264       -122.2872    
    47.43279       -122.2694    
    47.43293       -122.2517    
    47.43308       -122.2340    
    47.43322       -122.2163    
    47.43335       -122.1985    
    47.43349       -122.1808    
    47.43362       -122.1631    
    47.43375       -122.1454    
    47.43387       -122.1277    
    47.43400       -122.1099    
    47.43412       -122.0922    
    47.43423       -122.0745    
    47.43435       -122.0568    
    47.43446       -122.0390    
    47.43457       -122.0213    
    47.43468       -122.0036    
    47.43478       -121.9859    
    47.43488       -121.9681    
    47.43498       -121.9504    
    47.43508       -121.9327    
    47.43517       -121.9150    
    47.43526       -121.8972    
    47.43534       -121.8795    
    47.43543       -121.8618    
    47.43551       -121.8441    
    47.43559       -121.8264    
    47.43567       -121.8086    
    47.43574       -121.7909    
    47.43581       -121.7732    
    47.43588       -121.7555    
    47.43594       -121.7377    
    47.43600       -121.7200    
    47.43607       -121.7023    
    47.43612       -121.6846    
    47.43618       -121.6668    
    47.43623       -121.6491    
    47.43628       -121.6314    
    47.43633       -121.6136    
    47.43636       -121.5959    
    47.43641       -121.5782    

    47.44448       -122.3051    
    47.44463       -122.2874    
    47.44478       -122.2697    
    47.44493       -122.2519    
    47.44507       -122.2342    
    47.44521       -122.2165    
    47.44535       -122.1988    
    47.44548       -122.1810    
    47.44561       -122.1633    
    47.44574       -122.1456    
    47.44587       -122.1278    
    47.44599       -122.1101    
    47.44611       -122.0924    
    47.44623       -122.0747    
    47.44635       -122.0569    
    47.44646       -122.0392    
    47.44656       -122.0215    
    47.44667       -122.0038    
    47.44677       -121.9860    
    47.44688       -121.9683    
    47.44698       -121.9506    
    47.44707       -121.9328    
    47.44716       -121.9151    
    47.44725       -121.8974    
    47.44734       -121.8796    
    47.44743       -121.8619    
    47.44751       -121.8442    
    47.44759       -121.8265    
    47.44766       -121.8087    
    47.44773       -121.7910    
    47.44781       -121.7733    
    47.44788       -121.7556    
    47.44794       -121.7378    
    47.44800       -121.7201    
    47.44806       -121.7024    
    47.44812       -121.6846    
    47.44817       -121.6669    
    47.44822       -121.6492    
    47.44827       -121.6314    
    47.44831       -121.6137    
    47.44836       -121.5960    
    47.44840       -121.5783    

    47.45647       -122.3053    
    47.45662       -122.2876    
    47.45677       -122.2699    
    47.45691       -122.2521    
    47.45705       -122.2344    
    47.45720       -122.2167    
    47.45733       -122.1989    
    47.45747       -122.1812    
    47.45760       -122.1635    
    47.45773       -122.1458    
    47.45786       -122.1280    
    47.45797       -122.1103    
    47.45810       -122.0926    
    47.45821       -122.0748    
    47.45833       -122.0571    
    47.45844       -122.0394    
    47.45855       -122.0216    
    47.45866       -122.0039    
    47.45876       -121.9862    
    47.45886       -121.9684    
    47.45896       -121.9507    
    47.45905       -121.9330    
    47.45915       -121.9153    
    47.45924       -121.8975    
    47.45933       -121.8798    
    47.45941       -121.8621    
    47.45949       -121.8443    
    47.45957       -121.8266    
    47.45964       -121.8088    
    47.45972       -121.7911    
    47.45979       -121.7734    
    47.45986       -121.7556    
    47.45992       -121.7379    
    47.45998       -121.7202    
    47.46004       -121.7025    
    47.46010       -121.6847    
    47.46016       -121.6670    
    47.46021       -121.6493    
    47.46025       -121.6315    
    47.46030       -121.6138    
    47.46034       -121.5961    
    47.46038       -121.5783    

    47.46847       -122.3056    
    47.46862       -122.2878    
    47.46876       -122.2701    
    47.46891       -122.2523    
    47.46905       -122.2346    
    47.46919       -122.2169    
    47.46933       -122.1992    
    47.46946       -122.1814    
    47.46960       -122.1637    
    47.46972       -122.1459    
    47.46985       -122.1282    
    47.46997       -122.1105    
    47.47009       -122.0927    
    47.47021       -122.0750    
    47.47032       -122.0573    
    47.47044       -122.0395    
    47.47055       -122.0218    
    47.47065       -122.0041    
    47.47076       -121.9863    
    47.47086       -121.9686    
    47.47096       -121.9509    
    47.47105       -121.9331    
    47.47115       -121.9154    
    47.47123       -121.8976    
    47.47132       -121.8799    
    47.47140       -121.8622    
    47.47149       -121.8444    
    47.47157       -121.8267    
    47.47165       -121.8090    
    47.47172       -121.7912    
    47.47179       -121.7735    
    47.47186       -121.7557    
    47.47192       -121.7380    
    47.47198       -121.7203    
    47.47204       -121.7025    
    47.47210       -121.6848    
    47.47215       -121.6671    
    47.47220       -121.6493    
    47.47225       -121.6316    
    47.47229       -121.6139    
    47.47234       -121.5961    
    47.47238       -121.5784    

    47.48045       -122.3058    
    47.48060       -122.2881    
    47.48075       -122.2703    
    47.48089       -122.2526    
    47.48104       -122.2348    
    47.48117       -122.2171    
    47.48131       -122.1993    
    47.48145       -122.1816    
    47.48158       -122.1639    
    47.48171       -122.1461    
    47.48183       -122.1284    
    47.48196       -122.1107    
    47.48207       -122.0929    
    47.48219       -122.0752    
    47.48231       -122.0574    
    47.48242       -122.0397    
    47.48253       -122.0220    
    47.48264       -122.0042    
    47.48274       -121.9865    
    47.48284       -121.9688    
    47.48294       -121.9510    
    47.48304       -121.9333    
    47.48313       -121.9155    
    47.48322       -121.8978    
    47.48331       -121.8800    
    47.48339       -121.8623    
    47.48347       -121.8445    
    47.48355       -121.8268    
    47.48363       -121.8091    
    47.48370       -121.7913    
    47.48377       -121.7736    
    47.48384       -121.7559    
    47.48391       -121.7381    
    47.48396       -121.7204    
    47.48403       -121.7026    
    47.48408       -121.6849    
    47.48413       -121.6671    
    47.48419       -121.6494    
    47.48424       -121.6317    
    47.48428       -121.6139    
    47.48432       -121.5962    
    47.48436       -121.5784    

    47.49244       -122.3060    
    47.49260       -122.2883    
    47.49274       -122.2705    
    47.49289       -122.2528    
    47.49303       -122.2350    
    47.49318       -122.2173    
    47.49331       -122.1996    
    47.49344       -122.1818    
    47.49358       -122.1641    
    47.49371       -122.1463    
    47.49383       -122.1286    
    47.49395       -122.1108    
    47.49407       -122.0931    
    47.49419       -122.0753    
    47.49430       -122.0576    
    47.49442       -122.0399    
    47.49453       -122.0221    
    47.49463       -122.0044    
    47.49474       -121.9866    
    47.49484       -121.9689    
    47.49494       -121.9511    
    47.49503       -121.9334    
    47.49512       -121.9156    
    47.49522       -121.8979    
    47.49530       -121.8802    
    47.49539       -121.8624    
    47.49547       -121.8447    
    47.49555       -121.8269    
    47.49563       -121.8092    
    47.49570       -121.7914    
    47.49577       -121.7737    
    47.49584       -121.7560    
    47.49590       -121.7382    
    47.49596       -121.7205    
    47.49602       -121.7027    
    47.49608       -121.6850    
    47.49614       -121.6672    
    47.49619       -121.6495    
    47.49623       -121.6317    
    47.49628       -121.6140    
    47.49632       -121.5963    
    47.49636       -121.5785    

    47.50443       -122.3062    
    47.50458       -122.2885    
    47.50473       -122.2708    
    47.50488       -122.2530    
    47.50502       -122.2353    
    47.50516       -122.2175    
    47.50529       -122.1998    
    47.50543       -122.1820    
    47.50556       -122.1643    
    47.50569       -122.1465    
    47.50581       -122.1288    
    47.50594       -122.1110    
    47.50606       -122.0933    
    47.50618       -122.0755    
    47.50629       -122.0578    
    47.50640       -122.0400    
    47.50652       -122.0223    
    47.50662       -122.0045    
    47.50673       -121.9868    
    47.50682       -121.9690    
    47.50692       -121.9513    
    47.50702       -121.9335    
    47.50711       -121.9158    
    47.50720       -121.8980    
    47.50729       -121.8803    
    47.50737       -121.8625    
    47.50745       -121.8448    
    47.50753       -121.8271    
    47.50761       -121.8093    
    47.50768       -121.7915    
    47.50776       -121.7738    
    47.50782       -121.7560    
    47.50789       -121.7383    
    47.50795       -121.7206    
    47.50801       -121.7028    
    47.50806       -121.6851    
    47.50812       -121.6673    
    47.50817       -121.6495    
    47.50822       -121.6318    
    47.50826       -121.6140    
    47.50830       -121.5963    
    47.50835       -121.5786    

    47.51643       -122.3065    
    47.51657       -122.2887    
    47.51673       -122.2710    
    47.51687       -122.2532    
    47.51701       -122.2355    
    47.51715       -122.2177    
    47.51729       -122.2000    
    47.51742       -122.1822    
    47.51756       -122.1645    
    47.51769       -122.1467    
    47.51781       -122.1289    
    47.51793       -122.1112    
    47.51805       -122.0934    
    47.51817       -122.0757    
    47.51829       -122.0580    
    47.51840       -122.0402    
    47.51851       -122.0224    
    47.51862       -122.0047    
    47.51872       -121.9869    
    47.51882       -121.9692    
    47.51892       -121.9514    
    47.51902       -121.9337    
    47.51911       -121.9159    
    47.51920       -121.8982    
    47.51928       -121.8804    
    47.51937       -121.8627    
    47.51945       -121.8449    
    47.51953       -121.8271    
    47.51961       -121.8094    
    47.51968       -121.7917    
    47.51975       -121.7739    
    47.51982       -121.7561    
    47.51989       -121.7384    
    47.51995       -121.7206    
    47.52000       -121.7029    
    47.52007       -121.6851    
    47.52012       -121.6674    
    47.52017       -121.6496    
    47.52022       -121.6319    
    47.52026       -121.6141    
    47.52031       -121.5964    
    47.52034       -121.5786    

    47.52841       -122.3067    
    47.52856       -122.2889    
    47.52871       -122.2712    
    47.52885       -122.2534    
    47.52900       -122.2357    
    47.52914       -122.2179    
    47.52927       -122.2002    
    47.52941       -122.1824    
    47.52954       -122.1646    
    47.52967       -122.1469    
    47.52980       -122.1292    
    47.52992       -122.1114    
    47.53004       -122.0936    
    47.53016       -122.0759    
    47.53027       -122.0581    
    47.53039       -122.0403    
    47.53049       -122.0226    
    47.53060       -122.0049    
    47.53070       -121.9871    
    47.53081       -121.9693    
    47.53091       -121.9516    
    47.53100       -121.9338    
    47.53109       -121.9160    
    47.53118       -121.8983    
    47.53127       -121.8806    
    47.53135       -121.8628    
    47.53144       -121.8450    
    47.53151       -121.8273    
    47.53159       -121.8095    
    47.53167       -121.7917    
    47.53173       -121.7740    
    47.53180       -121.7563    
    47.53187       -121.7385    
    47.53193       -121.7207    
    47.53199       -121.7030    
    47.53205       -121.6852    
    47.53210       -121.6674    
    47.53215       -121.6497    
    47.53220       -121.6319    
    47.53225       -121.6142    
    47.53229       -121.5964    
    47.53233       -121.5787    

    47.54041       -122.3069    
    47.54056       -122.2892    
    47.54071       -122.2714    
    47.54085       -122.2536    
    47.54099       -122.2359    
    47.54114       -122.2181    
    47.54127       -122.2003    
    47.54140       -122.1826    
    47.54154       -122.1648    
    47.54166       -122.1471    
    47.54179       -122.1293    
    47.54192       -122.1116    
    47.54204       -122.0938    
    47.54216       -122.0760    
    47.54227       -122.0583    
    47.54238       -122.0405    
    47.54249       -122.0228    
    47.54260       -122.0050    
    47.54270       -121.9872    
    47.54280       -121.9695    
    47.54290       -121.9517    
    47.54300       -121.9340    
    47.54309       -121.9162    
    47.54318       -121.8984    
    47.54327       -121.8807    
    47.54335       -121.8629    
    47.54343       -121.8452    
    47.54351       -121.8274    
    47.54359       -121.8096    
    47.54366       -121.7919    
    47.54373       -121.7741    
    47.54380       -121.7563    
    47.54387       -121.7386    
    47.54393       -121.7208    
    47.54399       -121.7031    
    47.54405       -121.6853    
    47.54410       -121.6675    
    47.54416       -121.6498    
    47.54420       -121.6320    
    47.54424       -121.6143    
    47.54429       -121.5965    
    47.54433       -121.5787    

    47.55239       -122.3071    
    47.55254       -122.2894    
    47.55269       -122.2716    
    47.55283       -122.2538    
    47.55298       -122.2361    
    47.55312       -122.2183    
    47.55325       -122.2006    
    47.55339       -122.1828    
    47.55352       -122.1650    
    47.55365       -122.1473    
    47.55378       -122.1295    
    47.55390       -122.1118    
    47.55402       -122.0940    
    47.55414       -122.0762    
    47.55426       -122.0584    
    47.55437       -122.0407    
    47.55447       -122.0229    
    47.55458       -122.0052    
    47.55469       -121.9874    
    47.55479       -121.9696    
    47.55489       -121.9519    
    47.55498       -121.9341    
    47.55507       -121.9163    
    47.55516       -121.8986    
    47.55525       -121.8808    
    47.55534       -121.8630    
    47.55542       -121.8453    
    47.55550       -121.8275    
    47.55558       -121.8097    
    47.55565       -121.7920    
    47.55571       -121.7742    
    47.55578       -121.7564    
    47.55585       -121.7387    
    47.55592       -121.7209    
    47.55597       -121.7032    
    47.55603       -121.6854    
    47.55608       -121.6676    
    47.55614       -121.6498    
    47.55618       -121.6321    
    47.55623       -121.6143    
    47.55627       -121.5966    
    47.55631       -121.5788    

    47.56438       -122.3074    
    47.56453       -122.2896    
    47.56468       -122.2718    
    47.56483       -122.2541    
    47.56497       -122.2363    
    47.56511       -122.2185    
    47.56525       -122.2008    
    47.56538       -122.1830    
    47.56551       -122.1652    
    47.56564       -122.1475    
    47.56577       -122.1297    
    47.56590       -122.1119    
    47.56601       -122.0941    
    47.56613       -122.0764    
    47.56625       -122.0586    
    47.56636       -122.0408    
    47.56647       -122.0231    
    47.56658       -122.0053    
    47.56668       -121.9875    
    47.56678       -121.9698    
    47.56688       -121.9520    
    47.56698       -121.9342    
    47.56707       -121.9165    
    47.56716       -121.8987    
    47.56725       -121.8809    
    47.56733       -121.8632    
    47.56741       -121.8454    
    47.56749       -121.8276    
    47.56757       -121.8098    
    47.56764       -121.7921    
    47.56771       -121.7743    
    47.56778       -121.7565    
    47.56784       -121.7388    
    47.56791       -121.7210    
    47.56797       -121.7032    
    47.56802       -121.6855    
    47.56808       -121.6677    
    47.56813       -121.6499    
    47.56818       -121.6321    
    47.56823       -121.6144    
    47.56826       -121.5966    
    47.56831       -121.5788    

    47.57637       -122.3076    
    47.57652       -122.2898    
    47.57667       -122.2721    
    47.57682       -122.2543    
    47.57696       -122.2365    
    47.57710       -122.2188    
    47.57724       -122.2010    
    47.57737       -122.1832    
    47.57750       -122.1654    
    47.57763       -122.1476    
    47.57776       -122.1299    
    47.57788       -122.1121    
    47.57800       -122.0943    
    47.57812       -122.0766    
    47.57824       -122.0588    
    47.57835       -122.0410    
    47.57846       -122.0232    
    47.57856       -122.0055    
    47.57867       -121.9877    
    47.57877       -121.9699    
    47.57887       -121.9521    
    47.57896       -121.9344    
    47.57906       -121.9166    
    47.57915       -121.8988    
    47.57924       -121.8810    
    47.57932       -121.8633    
    47.57940       -121.8455    
    47.57948       -121.8277    
    47.57956       -121.8100    
    47.57963       -121.7922    
    47.57970       -121.7744    
    47.57977       -121.7566    
    47.57983       -121.7389    
    47.57990       -121.7211    
    47.57996       -121.7033    
    47.58001       -121.6855    
    47.58007       -121.6678    
    47.58012       -121.6500    
    47.58017       -121.6322    
    47.58021       -121.6144    
    47.58026       -121.5967    
    47.58030       -121.5789    

    47.58837       -122.3078    
    47.58852       -122.2900    
    47.58867       -122.2723    
    47.58881       -122.2545    
    47.58895       -122.2367    
    47.58909       -122.2189    
    47.58923       -122.2012    
    47.58937       -122.1834    
    47.58950       -122.1656    
    47.58962       -122.1478    
    47.58976       -122.1301    
    47.58987       -122.1123    
    47.59000       -122.0945    
    47.59011       -122.0767    
    47.59023       -122.0590    
    47.59034       -122.0412    
    47.59045       -122.0234    
    47.59056       -122.0056    
    47.59066       -121.9879    
    47.59076       -121.9701    
    47.59086       -121.9523    
    47.59096       -121.9345    
    47.59105       -121.9167    
    47.59114       -121.8990    
    47.59123       -121.8812    
    47.59131       -121.8634    
    47.59140       -121.8456    
    47.59148       -121.8279    
    47.59155       -121.8101    
    47.59163       -121.7923    
    47.59169       -121.7745    
    47.59176       -121.7567    
    47.59183       -121.7390    
    47.59189       -121.7212    
    47.59195       -121.7034    
    47.59200       -121.6856    
    47.59206       -121.6678    
    47.59211       -121.6501    
    47.59216       -121.6323    
    47.59221       -121.6145    
    47.59225       -121.5967    
    47.59229       -121.5789    

    47.60035       -122.3080    
    47.60050       -122.2903    
    47.60065       -122.2725    
    47.60080       -122.2547    
    47.60094       -122.2369    
    47.60108       -122.2191    
    47.60122       -122.2014    
    47.60136       -122.1836    
    47.60149       -122.1658    
    47.60162       -122.1480    
    47.60174       -122.1302    
    47.60186       -122.1125    
    47.60199       -122.0947    
    47.60210       -122.0769    
    47.60221       -122.0591    
    47.60233       -122.0414    
    47.60244       -122.0236    
    47.60255       -122.0058    
    47.60265       -121.9880    
    47.60275       -121.9702    
    47.60285       -121.9524    
    47.60295       -121.9347    
    47.60304       -121.9169    
    47.60313       -121.8991    
    47.60322       -121.8813    
    47.60330       -121.8635    
    47.60339       -121.8457    
    47.60346       -121.8280    
    47.60354       -121.8102    
    47.60361       -121.7924    
    47.60368       -121.7746    
    47.60375       -121.7568    
    47.60382       -121.7390    
    47.60388       -121.7213    
    47.60394       -121.7035    
    47.60399       -121.6857    
    47.60405       -121.6679    
    47.60410       -121.6501    
    47.60415       -121.6324    
    47.60420       -121.6146    
    47.60424       -121.5968    
    47.60428       -121.5790    

    47.61235       -122.3083    
    47.61250       -122.2905    
    47.61264       -122.2727    
    47.61279       -122.2549    
    47.61293       -122.2372    
    47.61307       -122.2194    
    47.61322       -122.2016    
    47.61335       -122.1838    
    47.61348       -122.1660    
    47.61361       -122.1482    
    47.61374       -122.1304    
    47.61386       -122.1126    
    47.61398       -122.0948    
    47.61410       -122.0771    
    47.61421       -122.0593    
    47.61433       -122.0415    
    47.61443       -122.0237    
    47.61454       -122.0059    
    47.61464       -121.9882    
    47.61475       -121.9704    
    47.61485       -121.9526    
    47.61494       -121.9348    
    47.61504       -121.9170    
    47.61512       -121.8992    
    47.61521       -121.8814    
    47.61529       -121.8636    
    47.61538       -121.8459    
    47.61546       -121.8281    
    47.61553       -121.8103    
    47.61561       -121.7925    
    47.61568       -121.7747    
    47.61575       -121.7569    
    47.61581       -121.7391    
    47.61587       -121.7214    
    47.61593       -121.7036    
    47.61599       -121.6858    
    47.61604       -121.6680    
    47.61609       -121.6502    
    47.61615       -121.6324    
    47.61619       -121.6147    
    47.61623       -121.5969    
    47.61627       -121.5791    

    47.62434       -122.3085    
    47.62449       -122.2907    
    47.62463       -122.2729    
    47.62478       -122.2551    
    47.62492       -122.2373    
    47.62506       -122.2196    
    47.62520       -122.2018    
    47.62533       -122.1840    
    47.62547       -122.1662    
    47.62560       -122.1484    
    47.62572       -122.1306    
    47.62585       -122.1128    
    47.62597       -122.0950    
    47.62608       -122.0772    
    47.62620       -122.0594    
    47.62631       -122.0417    
    47.62642       -122.0239    
    47.62653       -122.0061    
    47.62663       -121.9883    
    47.62674       -121.9705    
    47.62683       -121.9527    
    47.62693       -121.9349    
    47.62702       -121.9171    
    47.62711       -121.8994    
    47.62720       -121.8816    
    47.62729       -121.8638    
    47.62737       -121.8460    
    47.62745       -121.8282    
    47.62753       -121.8104    
    47.62760       -121.7926    
    47.62767       -121.7748    
    47.62774       -121.7570    
    47.62780       -121.7392    
    47.62786       -121.7215    
    47.62792       -121.7037    
    47.62798       -121.6859    
    47.62803       -121.6681    
    47.62808       -121.6503    
    47.62813       -121.6325    
    47.62818       -121.6147    
    47.62822       -121.5969    
    47.62826       -121.5791    

    47.63633       -122.3087    
    47.63648       -122.2909    
    47.63663       -122.2731    
    47.63677       -122.2553    
    47.63692       -122.2375    
    47.63705       -122.2198    
    47.63719       -122.2020    
    47.63733       -122.1842    
    47.63746       -122.1664    
    47.63759       -122.1486    
    47.63771       -122.1308    
    47.63784       -122.1130    
    47.63796       -122.0952    
    47.63808       -122.0774    
    47.63820       -122.0596    
    47.63831       -122.0418    
    47.63842       -122.0240    
    47.63852       -122.0063    
    47.63863       -121.9885    
    47.63873       -121.9707    
    47.63882       -121.9529    
    47.63892       -121.9351    
    47.63902       -121.9173    
    47.63910       -121.8995    
    47.63919       -121.8817    
    47.63928       -121.8639    
    47.63936       -121.8461    
    47.63944       -121.8283    
    47.63952       -121.8105    
    47.63959       -121.7927    
    47.63966       -121.7749    
    47.63973       -121.7571    
    47.63979       -121.7393    
    47.63985       -121.7216    
    47.63992       -121.7037    
    47.63997       -121.6859    
    47.64003       -121.6682    
    47.64008       -121.6504    
    47.64013       -121.6326    
    47.64017       -121.6148    
    47.64022       -121.5970    
    47.64025       -121.5792    

    47.64831       -122.3090    
    47.64847       -122.2912    
    47.64862       -122.2734    
    47.64876       -122.2556    
    47.64890       -122.2378    
    47.64905       -122.2200    
    47.64918       -122.2022    
    47.64931       -122.1844    
    47.64945       -122.1666    
    47.64958       -122.1488    
    47.64970       -122.1310    
    47.64983       -122.1132    
    47.64995       -122.0954    
    47.65007       -122.0776    
    47.65018       -122.0598    
    47.65029       -122.0420    
    47.65041       -122.0242    
    47.65051       -122.0064    
    47.65062       -121.9886    
    47.65071       -121.9708    
    47.65081       -121.9530    
    47.65091       -121.9352    
    47.65100       -121.9174    
    47.65110       -121.8996    
    47.65118       -121.8818    
    47.65127       -121.8640    
    47.65135       -121.8462    
    47.65143       -121.8284    
    47.65151       -121.8106    
    47.65158       -121.7928    
    47.65165       -121.7750    
    47.65171       -121.7572    
    47.65178       -121.7394    
    47.65184       -121.7216    
    47.65190       -121.7038    
    47.65196       -121.6860    
    47.65201       -121.6682    
    47.65207       -121.6505    
    47.65211       -121.6326    
    47.65216       -121.6148    
    47.65221       -121.5970    
    47.65224       -121.5793    

    47.66031       -122.3092    
    47.66046       -122.2914    
    47.66061       -122.2736    
    47.66076       -122.2558    
    47.66090       -122.2380    
    47.66104       -122.2202    
    47.66118       -122.2024    
    47.66131       -122.1846    
    47.66144       -122.1668    
    47.66157       -122.1490    
    47.66170       -122.1312    
    47.66182       -122.1134    
    47.66194       -122.0956    
    47.66206       -122.0778    
    47.66217       -122.0600    
    47.66229       -122.0422    
    47.66240       -122.0244    
    47.66251       -122.0066    
    47.66261       -121.9888    
    47.66271       -121.9709    
    47.66281       -121.9532    
    47.66291       -121.9354    
    47.66300       -121.9175    
    47.66309       -121.8997    
    47.66317       -121.8820    
    47.66326       -121.8641    
    47.66334       -121.8463    
    47.66342       -121.8286    
    47.66350       -121.8107    
    47.66357       -121.7929    
    47.66364       -121.7751    
    47.66371       -121.7573    
    47.66378       -121.7395    
    47.66384       -121.7217    
    47.66390       -121.7039    
    47.66396       -121.6861    
    47.66401       -121.6683    
    47.66406       -121.6505    
    47.66411       -121.6327    
    47.66416       -121.6149    
    47.66420       -121.5971    
    47.66424       -121.5793    

    47.67229       -122.3094    
    47.67244       -122.2916    
    47.67259       -122.2738    
    47.67274       -122.2560    
    47.67288       -122.2382    
    47.67302       -122.2204    
    47.67316       -122.2026    
    47.67329       -122.1848    
    47.67343       -122.1670    
    47.67355       -122.1492    
    47.67368       -122.1313    
    47.67381       -122.1136    
    47.67393       -122.0957    
    47.67405       -122.0779    
    47.67416       -122.0602    
    47.67428       -122.0423    
    47.67439       -122.0245    
    47.67449       -122.0067    
    47.67459       -121.9889    
    47.67470       -121.9711    
    47.67480       -121.9533    
    47.67489       -121.9355    
    47.67498       -121.9177    
    47.67507       -121.8999    
    47.67516       -121.8821    
    47.67524       -121.8643    
    47.67533       -121.8465    
    47.67540       -121.8286    
    47.67548       -121.8109    
    47.67556       -121.7930    
    47.67563       -121.7752    
    47.67570       -121.7574    
    47.67576       -121.7396    
    47.67582       -121.7218    
    47.67588       -121.7040    
    47.67594       -121.6862    
    47.67599       -121.6684    
    47.67605       -121.6506    
    47.67610       -121.6328    
    47.67614       -121.6150    
    47.67618       -121.5972    
    47.67622       -121.5793    

    47.68428       -122.3096    
    47.68444       -122.2918    
    47.68459       -122.2740    
    47.68473       -122.2562    
    47.68488       -122.2384    
    47.68502       -122.2206    
    47.68516       -122.2028    
    47.68529       -122.1850    
    47.68542       -122.1672    
    47.68555       -122.1494    
    47.68568       -122.1315    
    47.68580       -122.1137    
    47.68592       -122.0959    
    47.68604       -122.0781    
    47.68616       -122.0603    
    47.68627       -122.0425    
    47.68638       -122.0247    
    47.68649       -122.0069    
    47.68659       -121.9891    
    47.68669       -121.9713    
    47.68679       -121.9534    
    47.68689       -121.9356    
    47.68698       -121.9178    
    47.68707       -121.9000    
    47.68716       -121.8822    
    47.68724       -121.8644    
    47.68733       -121.8466    
    47.68740       -121.8288    
    47.68748       -121.8110    
    47.68756       -121.7932    
    47.68763       -121.7753    
    47.68769       -121.7575    
    47.68776       -121.7397    
    47.68782       -121.7219    
    47.68788       -121.7041    
    47.68794       -121.6863    
    47.68799       -121.6685    
    47.68804       -121.6507    
    47.68810       -121.6328    
    47.68814       -121.6151    
    47.68818       -121.5972    
    47.68822       -121.5794    

    47.69628       -122.3099    
    47.69643       -122.2921    
    47.69658       -122.2742    
    47.69672       -122.2564    
    47.69687       -122.2386    
    47.69701       -122.2208    
    47.69714       -122.2030    
    47.69728       -122.1852    
    47.69741       -122.1674    
    47.69754       -122.1495    
    47.69767       -122.1317    
    47.69778       -122.1139    
    47.69791       -122.0961    
    47.69803       -122.0783    
    47.69814       -122.0605    
    47.69825       -122.0427    
    47.69836       -122.0248    
    47.69847       -122.0070    
    47.69858       -121.9892    
    47.69868       -121.9714    
    47.69878       -121.9536    
    47.69887       -121.9358    
    47.69896       -121.9180    
    47.69906       -121.9001    
    47.69914       -121.8823    
    47.69923       -121.8645    
    47.69931       -121.8467    
    47.69939       -121.8289    
    47.69947       -121.8111    
    47.69954       -121.7932    
    47.69961       -121.7755    
    47.69968       -121.7576    
    47.69975       -121.7398    
    47.69981       -121.7220    
    47.69987       -121.7042    
    47.69992       -121.6864    
    47.69998       -121.6685    
    47.70003       -121.6507    
    47.70008       -121.6329    
    47.70012       -121.6151    
    47.70017       -121.5973    
    47.70021       -121.5795    

    47.70827       -122.3101    
    47.70842       -122.2923    
    47.70857       -122.2744    
    47.70872       -122.2567    
    47.70886       -122.2388    
    47.70900       -122.2210    
    47.70914       -122.2032    
    47.70928       -122.1854    
    47.70941       -122.1675    
    47.70954       -122.1497    
    47.70966       -122.1319    
    47.70979       -122.1141    
    47.70991       -122.0963    
    47.71002       -122.0785    
    47.71014       -122.0606    
    47.71025       -122.0428    
    47.71037       -122.0250    
    47.71047       -122.0072    
    47.71058       -121.9894    
    47.71067       -121.9716    
    47.71077       -121.9537    
    47.71087       -121.9359    
    47.71096       -121.9181    
    47.71106       -121.9003    
    47.71114       -121.8824    
    47.71123       -121.8647    
    47.71131       -121.8468    
    47.71138       -121.8290    
    47.71146       -121.8112    
    47.71154       -121.7934    
    47.71161       -121.7755    
    47.71168       -121.7577    
    47.71175       -121.7399    
    47.71180       -121.7221    
    47.71187       -121.7043    
    47.71192       -121.6865    
    47.71198       -121.6686    
    47.71203       -121.6508    
    47.71207       -121.6330    
    47.71212       -121.6152    
    47.71217       -121.5974    
    47.71220       -121.5795    

    47.72026       -122.3103    
    47.72041       -122.2925    
    47.72056       -122.2747    
    47.72070       -122.2569    
    47.72084       -122.2390    
    47.72099       -122.2212    
    47.72112       -122.2034    
    47.72126       -122.1856    
    47.72139       -122.1678    
    47.72152       -122.1499    
    47.72165       -122.1321    
    47.72177       -122.1143    
    47.72189       -122.0965    
    47.72201       -122.0786    
    47.72213       -122.0608    
    47.72224       -122.0430    
    47.72235       -122.0252    
    47.72245       -122.0074    
    47.72256       -121.9895    
    47.72266       -121.9717    
    47.72276       -121.9539    
    47.72285       -121.9361    
    47.72295       -121.9182    
    47.72304       -121.9004    
    47.72313       -121.8826    
    47.72321       -121.8648    
    47.72330       -121.8470    
    47.72338       -121.8291    
    47.72345       -121.8113    
    47.72353       -121.7935    
    47.72359       -121.7756    
    47.72366       -121.7578    
    47.72373       -121.7400    
    47.72379       -121.7222    
    47.72385       -121.7043    
    47.72391       -121.6865    
    47.72396       -121.6687    
    47.72401       -121.6509    
    47.72406       -121.6331    
    47.72411       -121.6152    
    47.72415       -121.5974    
    47.72419       -121.5796    

    47.73225       -122.3105    
    47.73241       -122.2927    
    47.73256       -122.2749    
    47.73270       -122.2571    
    47.73285       -122.2393    
    47.73298       -122.2214    
    47.73312       -122.2036    
    47.73325       -122.1858    
    47.73339       -122.1679    
    47.73352       -122.1501    
    47.73364       -122.1323    
    47.73377       -122.1145    
    47.73389       -122.0966    
    47.73401       -122.0788    
    47.73412       -122.0610    
    47.73423       -122.0432    
    47.73435       -122.0253    
    47.73445       -122.0075    
    47.73455       -121.9897    
    47.73466       -121.9719    
    47.73476       -121.9540    
    47.73485       -121.9362    
    47.73495       -121.9184    
    47.73503       -121.9005    
    47.73513       -121.8827    
    47.73521       -121.8649    
    47.73529       -121.8471    
    47.73537       -121.8292    
    47.73544       -121.8114    
    47.73552       -121.7936    
    47.73559       -121.7758    
    47.73566       -121.7579    
    47.73573       -121.7401    
    47.73579       -121.7223    
    47.73585       -121.7044    
    47.73590       -121.6866    
    47.73596       -121.6688    
    47.73601       -121.6510    
    47.73606       -121.6331    
    47.73611       -121.6153    
    47.73615       -121.5975    
    47.73619       -121.5797    

    47.74424       -122.3108    
    47.74439       -122.2929    
    47.74454       -122.2751    
    47.74469       -122.2573    
    47.74483       -122.2394    
    47.74497       -122.2216    
    47.74511       -122.2038    
    47.74524       -122.1860    
    47.74537       -122.1681    
    47.74550       -122.1503    
    47.74563       -122.1325    
    47.74575       -122.1147    
    47.74587       -122.0968    
    47.74599       -122.0790    
    47.74611       -122.0612    
    47.74622       -122.0433    
    47.74633       -122.0255    
    47.74644       -122.0077    
    47.74654       -121.9898    
    47.74664       -121.9720    
    47.74674       -121.9542    
    47.74684       -121.9363    
    47.74693       -121.9185    
    47.74702       -121.9007    
    47.74711       -121.8828    
    47.74720       -121.8650    
    47.74728       -121.8472    
    47.74736       -121.8293    
    47.74743       -121.8115    
    47.74751       -121.7937    
    47.74758       -121.7758    
    47.74765       -121.7580    
    47.74771       -121.7402    
    47.74778       -121.7224    
    47.74783       -121.7045    
    47.74789       -121.6867    
    47.74795       -121.6689    
    47.74800       -121.6510    
    47.74804       -121.6332    
    47.74809       -121.6154    
    47.74813       -121.5975    
    47.74817       -121.5797    

