    47.28255       -122.3109    
    47.28270       -122.2932    
    47.28285       -122.2756    
    47.28300       -122.2579    
    47.28314       -122.2402    
    47.28328       -122.2226    
    47.28342       -122.2049    
    47.28355       -122.1872    
    47.28369       -122.1696    
    47.28382       -122.1519    
    47.28394       -122.1342    
    47.28407       -122.1165    
    47.28419       -122.0988    
    47.28431       -122.0812    
    47.28442       -122.0635    
    47.28453       -122.0458    
    47.28465       -122.0282    
    47.28476       -122.0105    
    47.28486       -121.9928    
    47.28496       -121.9752    
    47.28506       -121.9575    
    47.28516       -121.9398    
    47.28525       -121.9221    
    47.28534       -121.9044    
    47.28543       -121.8868    
    47.28551       -121.8691    
    47.28559       -121.8514    
    47.28568       -121.8338    
    47.28576       -121.8161    
    47.28583       -121.7984    
    47.28590       -121.7807    
    47.28597       -121.7631    
    47.28604       -121.7454    
    47.28610       -121.7277    
    47.28616       -121.7101    
    47.28622       -121.6924    
    47.28627       -121.6747    
    47.28632       -121.6570    
    47.28638       -121.6393    
    47.28642       -121.6217    
    47.28647       -121.6040    
    47.28651       -121.5863    
    47.28655       -121.5687    

    47.29453       -122.3112    
    47.29469       -122.2935    
    47.29483       -122.2758    
    47.29498       -122.2581    
    47.29512       -122.2404    
    47.29526       -122.2228    
    47.29540       -122.2051    
    47.29554       -122.1874    
    47.29567       -122.1697    
    47.29580       -122.1521    
    47.29593       -122.1344    
    47.29605       -122.1167    
    47.29617       -122.0990    
    47.29629       -122.0814    
    47.29641       -122.0637    
    47.29652       -122.0460    
    47.29663       -122.0283    
    47.29674       -122.0107    
    47.29684       -121.9930    
    47.29694       -121.9753    
    47.29704       -121.9576    
    47.29714       -121.9399    
    47.29723       -121.9223    
    47.29733       -121.9046    
    47.29741       -121.8869    
    47.29750       -121.8692    
    47.29758       -121.8516    
    47.29766       -121.8339    
    47.29774       -121.8162    
    47.29781       -121.7985    
    47.29789       -121.7809    
    47.29795       -121.7632    
    47.29802       -121.7455    
    47.29808       -121.7278    
    47.29815       -121.7101    
    47.29820       -121.6924    
    47.29826       -121.6748    
    47.29831       -121.6571    
    47.29836       -121.6394    
    47.29840       -121.6217    
    47.29845       -121.6041    
    47.29849       -121.5864    
    47.29853       -121.5687    

    47.30653       -122.3114    
    47.30668       -122.2937    
    47.30683       -122.2760    
    47.30698       -122.2583    
    47.30712       -122.2407    
    47.30726       -122.2230    
    47.30740       -122.2053    
    47.30753       -122.1876    
    47.30767       -122.1699    
    47.30779       -122.1523    
    47.30792       -122.1346    
    47.30805       -122.1169    
    47.30817       -122.0992    
    47.30828       -122.0815    
    47.30840       -122.0638    
    47.30852       -122.0462    
    47.30862       -122.0285    
    47.30873       -122.0108    
    47.30884       -121.9931    
    47.30894       -121.9754    
    47.30904       -121.9578    
    47.30914       -121.9401    
    47.30923       -121.9224    
    47.30932       -121.9047    
    47.30941       -121.8871    
    47.30949       -121.8694    
    47.30958       -121.8517    
    47.30966       -121.8340    
    47.30974       -121.8163    
    47.30981       -121.7986    
    47.30988       -121.7809    
    47.30995       -121.7633    
    47.31002       -121.7456    
    47.31008       -121.7279    
    47.31014       -121.7102    
    47.31020       -121.6925    
    47.31025       -121.6749    
    47.31031       -121.6572    
    47.31036       -121.6395    
    47.31040       -121.6218    
    47.31045       -121.6041    
    47.31049       -121.5865    
    47.31053       -121.5688    

    47.31851       -122.3116    
    47.31866       -122.2939    
    47.31881       -122.2762    
    47.31896       -122.2585    
    47.31910       -122.2409    
    47.31924       -122.2232    
    47.31938       -122.2055    
    47.31952       -122.1878    
    47.31965       -122.1701    
    47.31978       -122.1524    
    47.31990       -122.1348    
    47.32003       -122.1171    
    47.32015       -122.0994    
    47.32027       -122.0817    
    47.32038       -122.0640    
    47.32050       -122.0463    
    47.32061       -122.0287    
    47.32072       -122.0110    
    47.32082       -121.9933    
    47.32092       -121.9756    
    47.32102       -121.9579    
    47.32112       -121.9402    
    47.32122       -121.9225    
    47.32131       -121.9048    
    47.32139       -121.8872    
    47.32148       -121.8695    
    47.32156       -121.8518    
    47.32164       -121.8341    
    47.32172       -121.8164    
    47.32179       -121.7987    
    47.32187       -121.7811    
    47.32193       -121.7634    
    47.32200       -121.7457    
    47.32206       -121.7280    
    47.32212       -121.7103    
    47.32218       -121.6926    
    47.32224       -121.6749    
    47.32229       -121.6573    
    47.32234       -121.6396    
    47.32239       -121.6219    
    47.32243       -121.6042    
    47.32248       -121.5865    
    47.32251       -121.5688    

    47.33051       -122.3118    
    47.33066       -122.2941    
    47.33081       -122.2765    
    47.33096       -122.2588    
    47.33110       -122.2411    
    47.33124       -122.2234    
    47.33138       -122.2057    
    47.33151       -122.1880    
    47.33165       -122.1703    
    47.33178       -122.1526    
    47.33190       -122.1349    
    47.33203       -122.1172    
    47.33215       -122.0996    
    47.33227       -122.0819    
    47.33238       -122.0642    
    47.33250       -122.0465    
    47.33261       -122.0288    
    47.33271       -122.0111    
    47.33282       -121.9934    
    47.33292       -121.9757    
    47.33302       -121.9581    
    47.33311       -121.9404    
    47.33321       -121.9227    
    47.33331       -121.9050    
    47.33339       -121.8873    
    47.33348       -121.8696    
    47.33356       -121.8519    
    47.33364       -121.8342    
    47.33372       -121.8165    
    47.33379       -121.7989    
    47.33386       -121.7812    
    47.33393       -121.7635    
    47.33400       -121.7458    
    47.33406       -121.7281    
    47.33412       -121.7104    
    47.33418       -121.6927    
    47.33424       -121.6750    
    47.33429       -121.6573    
    47.33434       -121.6396    
    47.33438       -121.6219    
    47.33443       -121.6042    
    47.33447       -121.5866    
    47.33451       -121.5689    

    47.34249       -122.3120    
    47.34264       -122.2944    
    47.34280       -122.2767    
    47.34294       -122.2590    
    47.34308       -122.2413    
    47.34322       -122.2236    
    47.34336       -122.2059    
    47.34350       -122.1882    
    47.34363       -122.1705    
    47.34376       -122.1528    
    47.34389       -122.1351    
    47.34401       -122.1174    
    47.34414       -122.0997    
    47.34425       -122.0821    
    47.34436       -122.0644    
    47.34448       -122.0467    
    47.34459       -122.0290    
    47.34470       -122.0113    
    47.34480       -121.9936    
    47.34491       -121.9759    
    47.34501       -121.9582    
    47.34510       -121.9405    
    47.34519       -121.9228    
    47.34529       -121.9051    
    47.34538       -121.8874    
    47.34546       -121.8697    
    47.34555       -121.8521    
    47.34562       -121.8344    
    47.34570       -121.8167    
    47.34578       -121.7990    
    47.34584       -121.7813    
    47.34592       -121.7636    
    47.34598       -121.7459    
    47.34605       -121.7282    
    47.34611       -121.7105    
    47.34617       -121.6928    
    47.34622       -121.6751    
    47.34628       -121.6574    
    47.34632       -121.6397    
    47.34637       -121.6220    
    47.34641       -121.6043    
    47.34645       -121.5866    
    47.34650       -121.5689    

    47.35449       -122.3123    
    47.35464       -122.2946    
    47.35479       -122.2769    
    47.35493       -122.2592    
    47.35508       -122.2415    
    47.35522       -122.2238    
    47.35536       -122.2061    
    47.35549       -122.1884    
    47.35563       -122.1707    
    47.35575       -122.1530    
    47.35588       -122.1353    
    47.35601       -122.1176    
    47.35613       -122.0999    
    47.35625       -122.0822    
    47.35637       -122.0645    
    47.35648       -122.0468    
    47.35659       -122.0291    
    47.35670       -122.0114    
    47.35680       -121.9937    
    47.35690       -121.9760    
    47.35700       -121.9583    
    47.35710       -121.9406    
    47.35719       -121.9229    
    47.35728       -121.9052    
    47.35737       -121.8875    
    47.35746       -121.8698    
    47.35754       -121.8521    
    47.35762       -121.8345    
    47.35770       -121.8168    
    47.35777       -121.7991    
    47.35784       -121.7814    
    47.35791       -121.7637    
    47.35798       -121.7460    
    47.35804       -121.7283    
    47.35810       -121.7106    
    47.35816       -121.6929    
    47.35822       -121.6752    
    47.35827       -121.6575    
    47.35832       -121.6398    
    47.35837       -121.6221    
    47.35841       -121.6044    
    47.35845       -121.5867    
    47.35849       -121.5690    

    47.36647       -122.3125    
    47.36663       -122.2948    
    47.36677       -122.2771    
    47.36692       -122.2594    
    47.36706       -122.2417    
    47.36720       -122.2240    
    47.36734       -122.2063    
    47.36748       -122.1886    
    47.36761       -122.1709    
    47.36774       -122.1532    
    47.36786       -122.1355    
    47.36799       -122.1178    
    47.36811       -122.1001    
    47.36823       -122.0824    
    47.36835       -122.0647    
    47.36846       -122.0470    
    47.36857       -122.0293    
    47.36868       -122.0116    
    47.36879       -121.9939    
    47.36889       -121.9762    
    47.36898       -121.9585    
    47.36908       -121.9408    
    47.36917       -121.9231    
    47.36927       -121.9054    
    47.36936       -121.8877    
    47.36944       -121.8700    
    47.36952       -121.8523    
    47.36960       -121.8346    
    47.36968       -121.8169    
    47.36976       -121.7992    
    47.36983       -121.7815    
    47.36990       -121.7638    
    47.36996       -121.7461    
    47.37003       -121.7284    
    47.37009       -121.7107    
    47.37015       -121.6930    
    47.37020       -121.6753    
    47.37025       -121.6576    
    47.37030       -121.6399    
    47.37035       -121.6222    
    47.37040       -121.6044    
    47.37044       -121.5867    
    47.37048       -121.5690    

    47.37847       -122.3127    
    47.37862       -122.2950    
    47.37877       -122.2773    
    47.37891       -122.2596    
    47.37906       -122.2419    
    47.37920       -122.2242    
    47.37934       -122.2065    
    47.37947       -122.1888    
    47.37960       -122.1711    
    47.37974       -122.1534    
    47.37986       -122.1357    
    47.37999       -122.1180    
    47.38011       -122.1003    
    47.38023       -122.0826    
    47.38034       -122.0649    
    47.38046       -122.0471    
    47.38057       -122.0294    
    47.38067       -122.0117    
    47.38078       -121.9940    
    47.38088       -121.9763    
    47.38098       -121.9586    
    47.38108       -121.9409    
    47.38118       -121.9232    
    47.38126       -121.9055    
    47.38135       -121.8878    
    47.38144       -121.8701    
    47.38152       -121.8524    
    47.38160       -121.8347    
    47.38168       -121.8170    
    47.38175       -121.7993    
    47.38183       -121.7816    
    47.38189       -121.7639    
    47.38196       -121.7462    
    47.38202       -121.7285    
    47.38208       -121.7108    
    47.38214       -121.6931    
    47.38220       -121.6753    
    47.38225       -121.6576    
    47.38230       -121.6399    
    47.38235       -121.6222    
    47.38239       -121.6045    
    47.38243       -121.5868    
    47.38247       -121.5691    

    47.39045       -122.3130    
    47.39060       -122.2953    
    47.39075       -122.2775    
    47.39090       -122.2598    
    47.39104       -122.2421    
    47.39119       -122.2244    
    47.39132       -122.2067    
    47.39146       -122.1890    
    47.39159       -122.1713    
    47.39172       -122.1536    
    47.39185       -122.1359    
    47.39197       -122.1182    
    47.39209       -122.1005    
    47.39221       -122.0827    
    47.39233       -122.0650    
    47.39244       -122.0473    
    47.39255       -122.0296    
    47.39266       -122.0119    
    47.39277       -121.9942    
    47.39287       -121.9765    
    47.39297       -121.9588    
    47.39306       -121.9411    
    47.39316       -121.9234    
    47.39325       -121.9056    
    47.39333       -121.8879    
    47.39342       -121.8702    
    47.39351       -121.8525    
    47.39359       -121.8348    
    47.39366       -121.8171    
    47.39374       -121.7994    
    47.39381       -121.7817    
    47.39388       -121.7640    
    47.39394       -121.7462    
    47.39401       -121.7285    
    47.39407       -121.7108    
    47.39413       -121.6931    
    47.39418       -121.6754    
    47.39423       -121.6577    
    47.39428       -121.6400    
    47.39433       -121.6223    
    47.39438       -121.6046    
    47.39442       -121.5869    
    47.39446       -121.5692    

    47.40244       -122.3132    
    47.40260       -122.2955    
    47.40275       -122.2778    
    47.40289       -122.2600    
    47.40304       -122.2423    
    47.40318       -122.2246    
    47.40332       -122.2069    
    47.40345       -122.1892    
    47.40358       -122.1715    
    47.40371       -122.1538    
    47.40384       -122.1360    
    47.40396       -122.1183    
    47.40409       -122.1006    
    47.40421       -122.0829    
    47.40432       -122.0652    
    47.40443       -122.0475    
    47.40455       -122.0298    
    47.40465       -122.0121    
    47.40475       -121.9944    
    47.40486       -121.9766    
    47.40496       -121.9589    
    47.40506       -121.9412    
    47.40515       -121.9235    
    47.40524       -121.9058    
    47.40533       -121.8881    
    47.40542       -121.8704    
    47.40550       -121.8526    
    47.40558       -121.8349    
    47.40565       -121.8172    
    47.40574       -121.7995    
    47.40581       -121.7818    
    47.40587       -121.7641    
    47.40594       -121.7463    
    47.40600       -121.7286    
    47.40606       -121.7109    
    47.40612       -121.6932    
    47.40618       -121.6755    
    47.40623       -121.6578    
    47.40628       -121.6401    
    47.40633       -121.6223    
    47.40637       -121.6046    
    47.40641       -121.5869    
    47.40645       -121.5692    

    47.41443       -122.3134    
    47.41459       -122.2957    
    47.41473       -122.2780    
    47.41488       -122.2603    
    47.41502       -122.2426    
    47.41516       -122.2248    
    47.41530       -122.2071    
    47.41544       -122.1894    
    47.41557       -122.1717    
    47.41570       -122.1540    
    47.41583       -122.1362    
    47.41595       -122.1185    
    47.41607       -122.1008    
    47.41619       -122.0831    
    47.41631       -122.0654    
    47.41642       -122.0477    
    47.41653       -122.0299    
    47.41664       -122.0122    
    47.41674       -121.9945    
    47.41685       -121.9768    
    47.41694       -121.9591    
    47.41705       -121.9413    
    47.41714       -121.9236    
    47.41723       -121.9059    
    47.41732       -121.8882    
    47.41740       -121.8705    
    47.41749       -121.8528    
    47.41757       -121.8351    
    47.41764       -121.8173    
    47.41772       -121.7996    
    47.41779       -121.7819    
    47.41786       -121.7642    
    47.41793       -121.7465    
    47.41799       -121.7287    
    47.41805       -121.7110    
    47.41811       -121.6933    
    47.41817       -121.6756    
    47.41822       -121.6579    
    47.41827       -121.6401    
    47.41831       -121.6224    
    47.41836       -121.6047    
    47.41840       -121.5870    
    47.41844       -121.5693    

    47.42642       -122.3136    
    47.42657       -122.2959    
    47.42673       -122.2782    
    47.42687       -122.2605    
    47.42702       -122.2428    
    47.42715       -122.2250    
    47.42730       -122.2073    
    47.42743       -122.1896    
    47.42756       -122.1719    
    47.42770       -122.1541    
    47.42782       -122.1364    
    47.42795       -122.1187    
    47.42807       -122.1010    
    47.42818       -122.0833    
    47.42831       -122.0656    
    47.42841       -122.0478    
    47.42852       -122.0301    
    47.42863       -122.0124    
    47.42874       -121.9947    
    47.42884       -121.9769    
    47.42894       -121.9592    
    47.42904       -121.9415    
    47.42913       -121.9238    
    47.42923       -121.9060    
    47.42931       -121.8883    
    47.42940       -121.8706    
    47.42948       -121.8529    
    47.42956       -121.8351    
    47.42964       -121.8174    
    47.42971       -121.7997    
    47.42979       -121.7820    
    47.42986       -121.7643    
    47.42992       -121.7466    
    47.42999       -121.7288    
    47.43004       -121.7111    
    47.43010       -121.6934    
    47.43016       -121.6757    
    47.43021       -121.6579    
    47.43026       -121.6402    
    47.43031       -121.6225    
    47.43036       -121.6048    
    47.43039       -121.5870    
    47.43044       -121.5693    

    47.43841       -122.3139    
    47.43856       -122.2961    
    47.43871       -122.2784    
    47.43886       -122.2607    
    47.43900       -122.2430    
    47.43914       -122.2253    
    47.43928       -122.2075    
    47.43942       -122.1898    
    47.43955       -122.1721    
    47.43968       -122.1543    
    47.43981       -122.1366    
    47.43993       -122.1189    
    47.44005       -122.1012    
    47.44017       -122.0834    
    47.44029       -122.0657    
    47.44040       -122.0480    
    47.44051       -122.0303    
    47.44062       -122.0125    
    47.44073       -121.9948    
    47.44083       -121.9771    
    47.44093       -121.9594    
    47.44102       -121.9416    
    47.44112       -121.9239    
    47.44121       -121.9062    
    47.44130       -121.8885    
    47.44138       -121.8707    
    47.44147       -121.8530    
    47.44155       -121.8353    
    47.44162       -121.8175    
    47.44170       -121.7998    
    47.44177       -121.7821    
    47.44184       -121.7644    
    47.44191       -121.7466    
    47.44197       -121.7289    
    47.44203       -121.7112    
    47.44209       -121.6935    
    47.44215       -121.6757    
    47.44220       -121.6580    
    47.44225       -121.6403    
    47.44230       -121.6226    
    47.44234       -121.6048    
    47.44238       -121.5871    
    47.44242       -121.5694    

    47.45040       -122.3141    
    47.45056       -122.2964    
    47.45070       -122.2786    
    47.45086       -122.2609    
    47.45099       -122.2432    
    47.45114       -122.2254    
    47.45127       -122.2077    
    47.45141       -122.1900    
    47.45154       -122.1723    
    47.45167       -122.1545    
    47.45180       -122.1368    
    47.45193       -122.1191    
    47.45205       -122.1013    
    47.45216       -122.0836    
    47.45228       -122.0659    
    47.45240       -122.0482    
    47.45251       -122.0304    
    47.45261       -122.0127    
    47.45272       -121.9950    
    47.45282       -121.9772    
    47.45292       -121.9595    
    47.45302       -121.9418    
    47.45311       -121.9240    
    47.45321       -121.9063    
    47.45329       -121.8886    
    47.45338       -121.8708    
    47.45346       -121.8531    
    47.45354       -121.8354    
    47.45362       -121.8177    
    47.45369       -121.7999    
    47.45377       -121.7822    
    47.45384       -121.7645    
    47.45390       -121.7467    
    47.45397       -121.7290    
    47.45403       -121.7113    
    47.45409       -121.6935    
    47.45414       -121.6758    
    47.45420       -121.6581    
    47.45424       -121.6404    
    47.45429       -121.6226    
    47.45433       -121.6049    
    47.45438       -121.5872    
    47.45441       -121.5694    

    47.46239       -122.3143    
    47.46254       -122.2966    
    47.46270       -122.2788    
    47.46284       -122.2611    
    47.46299       -122.2434    
    47.46312       -122.2256    
    47.46326       -122.2079    
    47.46340       -122.1902    
    47.46353       -122.1725    
    47.46366       -122.1547    
    47.46379       -122.1370    
    47.46391       -122.1193    
    47.46404       -122.1015    
    47.46415       -122.0838    
    47.46427       -122.0660    
    47.46438       -122.0483    
    47.46449       -122.0306    
    47.46460       -122.0128    
    47.46471       -121.9951    
    47.46481       -121.9774    
    47.46491       -121.9597    
    47.46501       -121.9419    
    47.46510       -121.9242    
    47.46519       -121.9064    
    47.46528       -121.8887    
    47.46537       -121.8710    
    47.46545       -121.8532    
    47.46553       -121.8355    
    47.46561       -121.8178    
    47.46568       -121.8000    
    47.46575       -121.7823    
    47.46582       -121.7646    
    47.46589       -121.7468    
    47.46595       -121.7291    
    47.46601       -121.7114    
    47.46607       -121.6936    
    47.46613       -121.6759    
    47.46618       -121.6582    
    47.46623       -121.6404    
    47.46628       -121.6227    
    47.46632       -121.6049    
    47.46636       -121.5872    
    47.46640       -121.5695    

    47.47439       -122.3145    
    47.47453       -122.2968    
    47.47469       -122.2791    
    47.47483       -122.2613    
    47.47498       -122.2436    
    47.47512       -122.2259    
    47.47526       -122.2081    
    47.47539       -122.1904    
    47.47552       -122.1726    
    47.47565       -122.1549    
    47.47578       -122.1372    
    47.47591       -122.1194    
    47.47603       -122.1017    
    47.47615       -122.0840    
    47.47626       -122.0662    
    47.47638       -122.0485    
    47.47649       -122.0308    
    47.47660       -122.0130    
    47.47670       -121.9953    
    47.47680       -121.9775    
    47.47691       -121.9598    
    47.47700       -121.9420    
    47.47709       -121.9243    
    47.47719       -121.9066    
    47.47728       -121.8889    
    47.47736       -121.8711    
    47.47744       -121.8534    
    47.47752       -121.8356    
    47.47760       -121.8179    
    47.47768       -121.8001    
    47.47775       -121.7824    
    47.47782       -121.7647    
    47.47789       -121.7469    
    47.47795       -121.7292    
    47.47801       -121.7115    
    47.47807       -121.6937    
    47.47812       -121.6760    
    47.47818       -121.6582    
    47.47823       -121.6405    
    47.47827       -121.6227    
    47.47831       -121.6050    
    47.47836       -121.5873    
    47.47840       -121.5695    

    47.48637       -122.3148    
    47.48652       -122.2970    
    47.48668       -122.2793    
    47.48682       -122.2615    
    47.48697       -122.2438    
    47.48711       -122.2261    
    47.48724       -122.2083    
    47.48738       -122.1906    
    47.48751       -122.1729    
    47.48764       -122.1551    
    47.48777       -122.1374    
    47.48790       -122.1196    
    47.48801       -122.1019    
    47.48814       -122.0841    
    47.48825       -122.0664    
    47.48837       -122.0486    
    47.48848       -122.0309    
    47.48858       -122.0132    
    47.48869       -121.9954    
    47.48880       -121.9777    
    47.48889       -121.9599    
    47.48899       -121.9422    
    47.48909       -121.9245    
    47.48917       -121.9067    
    47.48927       -121.8890    
    47.48935       -121.8712    
    47.48943       -121.8535    
    47.48951       -121.8358    
    47.48959       -121.8180    
    47.48967       -121.8003    
    47.48973       -121.7825    
    47.48980       -121.7648    
    47.48987       -121.7470    
    47.48994       -121.7293    
    47.49000       -121.7115    
    47.49006       -121.6938    
    47.49011       -121.6761    
    47.49017       -121.6583    
    47.49022       -121.6406    
    47.49026       -121.6228    
    47.49030       -121.6051    
    47.49035       -121.5873    
    47.49038       -121.5696    

    47.49837       -122.3150    
    47.49852       -122.2972    
    47.49866       -122.2795    
    47.49882       -122.2618    
    47.49895       -122.2440    
    47.49910       -122.2263    
    47.49924       -122.2085    
    47.49937       -122.1908    
    47.49950       -122.1730    
    47.49964       -122.1553    
    47.49976       -122.1375    
    47.49989       -122.1198    
    47.50001       -122.1021    
    47.50013       -122.0843    
    47.50025       -122.0666    
    47.50036       -122.0488    
    47.50047       -122.0311    
    47.50058       -122.0133    
    47.50068       -121.9956    
    47.50079       -121.9778    
    47.50089       -121.9601    
    47.50098       -121.9424    
    47.50108       -121.9246    
    47.50117       -121.9069    
    47.50126       -121.8891    
    47.50134       -121.8713    
    47.50142       -121.8536    
    47.50151       -121.8358    
    47.50158       -121.8181    
    47.50166       -121.8004    
    47.50173       -121.7826    
    47.50180       -121.7649    
    47.50187       -121.7471    
    47.50193       -121.7294    
    47.50199       -121.7116    
    47.50205       -121.6939    
    47.50211       -121.6761    
    47.50216       -121.6584    
    47.50221       -121.6406    
    47.50225       -121.6229    
    47.50230       -121.6051    
    47.50234       -121.5874    
    47.50238       -121.5696    

    47.51035       -122.3152    
    47.51050       -122.2975    
    47.51065       -122.2797    
    47.51080       -122.2620    
    47.51094       -122.2442    
    47.51108       -122.2265    
    47.51122       -122.2087    
    47.51136       -122.1910    
    47.51149       -122.1732    
    47.51162       -122.1555    
    47.51175       -122.1377    
    47.51187       -122.1200    
    47.51199       -122.1022    
    47.51212       -122.0845    
    47.51223       -122.0667    
    47.51234       -122.0490    
    47.51245       -122.0312    
    47.51256       -122.0135    
    47.51267       -121.9957    
    47.51277       -121.9780    
    47.51287       -121.9602    
    47.51297       -121.9425    
    47.51306       -121.9247    
    47.51315       -121.9070    
    47.51324       -121.8892    
    47.51333       -121.8715    
    47.51341       -121.8537    
    47.51349       -121.8360    
    47.51357       -121.8182    
    47.51365       -121.8005    
    47.51371       -121.7827    
    47.51379       -121.7650    
    47.51385       -121.7472    
    47.51392       -121.7295    
    47.51398       -121.7117    
    47.51403       -121.6940    
    47.51409       -121.6762    
    47.51414       -121.6584    
    47.51419       -121.6407    
    47.51424       -121.6230    
    47.51428       -121.6052    
    47.51432       -121.5875    
    47.51437       -121.5697    

    47.52235       -122.3155    
    47.52250       -122.2977    
    47.52265       -122.2799    
    47.52279       -122.2622    
    47.52294       -122.2444    
    47.52308       -122.2267    
    47.52322       -122.2089    
    47.52335       -122.1912    
    47.52349       -122.1734    
    47.52362       -122.1557    
    47.52375       -122.1379    
    47.52387       -122.1202    
    47.52399       -122.1024    
    47.52411       -122.0847    
    47.52423       -122.0669    
    47.52434       -122.0492    
    47.52445       -122.0314    
    47.52456       -122.0136    
    47.52467       -121.9959    
    47.52477       -121.9781    
    47.52487       -121.9604    
    47.52496       -121.9426    
    47.52506       -121.9249    
    47.52515       -121.9071    
    47.52524       -121.8893    
    47.52533       -121.8716    
    47.52541       -121.8539    
    47.52549       -121.8361    
    47.52557       -121.8183    
    47.52564       -121.8006    
    47.52571       -121.7828    
    47.52578       -121.7651    
    47.52585       -121.7473    
    47.52591       -121.7296    
    47.52597       -121.7118    
    47.52603       -121.6941    
    47.52608       -121.6763    
    47.52614       -121.6585    
    47.52619       -121.6408    
    47.52623       -121.6230    
    47.52628       -121.6053    
    47.52633       -121.5875    
    47.52636       -121.5698    

    47.53433       -122.3157    
    47.53448       -122.2979    
    47.53463       -122.2802    
    47.53478       -122.2624    
    47.53492       -122.2447    
    47.53506       -122.2269    
    47.53520       -122.2091    
    47.53534       -122.1914    
    47.53547       -122.1736    
    47.53560       -122.1559    
    47.53573       -122.1381    
    47.53586       -122.1204    
    47.53598       -122.1026    
    47.53610       -122.0848    
    47.53621       -122.0671    
    47.53633       -122.0493    
    47.53643       -122.0316    
    47.53654       -122.0138    
    47.53665       -121.9960    
    47.53675       -121.9783    
    47.53685       -121.9605    
    47.53695       -121.9427    
    47.53704       -121.9250    
    47.53714       -121.9073    
    47.53722       -121.8895    
    47.53731       -121.8717    
    47.53740       -121.8540    
    47.53748       -121.8362    
    47.53755       -121.8185    
    47.53762       -121.8007    
    47.53770       -121.7829    
    47.53777       -121.7652    
    47.53783       -121.7474    
    47.53790       -121.7296    
    47.53796       -121.7119    
    47.53801       -121.6941    
    47.53807       -121.6764    
    47.53812       -121.6586    
    47.53818       -121.6409    
    47.53822       -121.6231    
    47.53827       -121.6053    
    47.53831       -121.5876    
    47.53835       -121.5698    

    47.54633       -122.3159    
    47.54648       -122.2982    
    47.54663       -122.2804    
    47.54678       -122.2626    
    47.54692       -122.2449    
    47.54706       -122.2271    
    47.54720       -122.2094    
    47.54734       -122.1916    
    47.54747       -122.1738    
    47.54760       -122.1561    
    47.54773       -122.1383    
    47.54785       -122.1205    
    47.54797       -122.1028    
    47.54810       -122.0850    
    47.54821       -122.0672    
    47.54832       -122.0495    
    47.54844       -122.0317    
    47.54854       -122.0139    
    47.54865       -121.9962    
    47.54875       -121.9784    
    47.54885       -121.9607    
    47.54895       -121.9429    
    47.54904       -121.9251    
    47.54913       -121.9074    
    47.54922       -121.8896    
    47.54931       -121.8719    
    47.54939       -121.8541    
    47.54947       -121.8363    
    47.54955       -121.8186    
    47.54963       -121.8008    
    47.54970       -121.7831    
    47.54977       -121.7653    
    47.54983       -121.7475    
    47.54990       -121.7297    
    47.54996       -121.7120    
    47.55001       -121.6942    
    47.55007       -121.6765    
    47.55012       -121.6587    
    47.55017       -121.6409    
    47.55022       -121.6232    
    47.55026       -121.6054    
    47.55030       -121.5876    
    47.55034       -121.5699    

    47.55831       -122.3161    
    47.55847       -122.2984    
    47.55861       -122.2806    
    47.55876       -122.2628    
    47.55890       -122.2451    
    47.55904       -122.2273    
    47.55919       -122.2095    
    47.55932       -122.1918    
    47.55946       -122.1740    
    47.55958       -122.1563    
    47.55971       -122.1385    
    47.55983       -122.1207    
    47.55996       -122.1029    
    47.56008       -122.0852    
    47.56020       -122.0674    
    47.56031       -122.0497    
    47.56042       -122.0319    
    47.56052       -122.0141    
    47.56063       -121.9963    
    47.56073       -121.9786    
    47.56083       -121.9608    
    47.56093       -121.9431    
    47.56102       -121.9253    
    47.56112       -121.9075    
    47.56121       -121.8897    
    47.56129       -121.8720    
    47.56137       -121.8542    
    47.56146       -121.8365    
    47.56153       -121.8187    
    47.56161       -121.8009    
    47.56168       -121.7831    
    47.56175       -121.7654    
    47.56182       -121.7476    
    47.56188       -121.7298    
    47.56194       -121.7121    
    47.56200       -121.6943    
    47.56205       -121.6765    
    47.56211       -121.6588    
    47.56216       -121.6410    
    47.56221       -121.6232    
    47.56225       -121.6055    
    47.56229       -121.5877    
    47.56233       -121.5699    

    47.57031       -122.3164    
    47.57046       -122.2986    
    47.57061       -122.2808    
    47.57076       -122.2631    
    47.57090       -122.2453    
    47.57104       -122.2275    
    47.57118       -122.2097    
    47.57132       -122.1920    
    47.57145       -122.1742    
    47.57158       -122.1564    
    47.57171       -122.1387    
    47.57183       -122.1209    
    47.57195       -122.1031    
    47.57207       -122.0854    
    47.57219       -122.0676    
    47.57230       -122.0498    
    47.57241       -122.0320    
    47.57252       -122.0143    
    47.57263       -121.9965    
    47.57273       -121.9787    
    47.57283       -121.9610    
    47.57293       -121.9432    
    47.57302       -121.9254    
    47.57312       -121.9077    
    47.57320       -121.8899    
    47.57329       -121.8721    
    47.57337       -121.8543    
    47.57345       -121.8365    
    47.57353       -121.8188    
    47.57361       -121.8010    
    47.57368       -121.7832    
    47.57375       -121.7655    
    47.57381       -121.7477    
    47.57388       -121.7299    
    47.57394       -121.7122    
    47.57399       -121.6944    
    47.57405       -121.6766    
    47.57410       -121.6588    
    47.57415       -121.6411    
    47.57420       -121.6233    
    47.57425       -121.6055    
    47.57429       -121.5878    
    47.57433       -121.5700    

    47.58229       -122.3166    
    47.58244       -122.2988    
    47.58260       -122.2810    
    47.58274       -122.2633    
    47.58288       -122.2455    
    47.58303       -122.2277    
    47.58316       -122.2100    
    47.58330       -122.1922    
    47.58344       -122.1744    
    47.58356       -122.1566    
    47.58369       -122.1389    
    47.58382       -122.1211    
    47.58394       -122.1033    
    47.58406       -122.0855    
    47.58418       -122.0677    
    47.58429       -122.0500    
    47.58440       -122.0322    
    47.58451       -122.0144    
    47.58461       -121.9966    
    47.58472       -121.9789    
    47.58482       -121.9611    
    47.58491       -121.9433    
    47.58501       -121.9256    
    47.58510       -121.9078    
    47.58519       -121.8900    
    47.58527       -121.8722    
    47.58536       -121.8545    
    47.58544       -121.8367    
    47.58551       -121.8189    
    47.58559       -121.8011    
    47.58566       -121.7834    
    47.58573       -121.7656    
    47.58580       -121.7478    
    47.58586       -121.7300    
    47.58592       -121.7122    
    47.58598       -121.6945    
    47.58604       -121.6767    
    47.58609       -121.6589    
    47.58614       -121.6411    
    47.58619       -121.6234    
    47.58623       -121.6056    
    47.58627       -121.5878    
    47.58631       -121.5700    

    47.59428       -122.3168    
    47.59444       -122.2990    
    47.59459       -122.2813    
    47.59473       -122.2635    
    47.59488       -122.2457    
    47.59502       -122.2279    
    47.59516       -122.2101    
    47.59529       -122.1924    
    47.59543       -122.1746    
    47.59556       -122.1568    
    47.59568       -122.1390    
    47.59581       -122.1213    
    47.59593       -122.1035    
    47.59605       -122.0857    
    47.59617       -122.0679    
    47.59628       -122.0501    
    47.59639       -122.0324    
    47.59650       -122.0146    
    47.59661       -121.9968    
    47.59671       -121.9790    
    47.59681       -121.9612    
    47.59691       -121.9435    
    47.59700       -121.9257    
    47.59709       -121.9079    
    47.59718       -121.8901    
    47.59727       -121.8723    
    47.59735       -121.8546    
    47.59743       -121.8368    
    47.59751       -121.8190    
    47.59758       -121.8012    
    47.59766       -121.7834    
    47.59773       -121.7657    
    47.59779       -121.7479    
    47.59785       -121.7301    
    47.59792       -121.7123    
    47.59797       -121.6945    
    47.59803       -121.6768    
    47.59808       -121.6590    
    47.59813       -121.6412    
    47.59819       -121.6234    
    47.59822       -121.6057    
    47.59827       -121.5879    
    47.59830       -121.5701    

    47.60627       -122.3170    
    47.60643       -122.2993    
    47.60658       -122.2815    
    47.60672       -122.2637    
    47.60686       -122.2459    
    47.60701       -122.2281    
    47.60715       -122.2104    
    47.60728       -122.1926    
    47.60742       -122.1748    
    47.60755       -122.1570    
    47.60767       -122.1392    
    47.60780       -122.1215    
    47.60792       -122.1037    
    47.60804       -122.0859    
    47.60815       -122.0681    
    47.60827       -122.0503    
    47.60838       -122.0325    
    47.60849       -122.0147    
    47.60860       -121.9970    
    47.60870       -121.9792    
    47.60880       -121.9614    
    47.60889       -121.9436    
    47.60899       -121.9258    
    47.60908       -121.9081    
    47.60917       -121.8903    
    47.60926       -121.8725    
    47.60934       -121.8547    
    47.60942       -121.8369    
    47.60950       -121.8191    
    47.60957       -121.8013    
    47.60965       -121.7836    
    47.60972       -121.7658    
    47.60978       -121.7480    
    47.60984       -121.7302    
    47.60991       -121.7124    
    47.60997       -121.6946    
    47.61002       -121.6768    
    47.61007       -121.6591    
    47.61012       -121.6413    
    47.61017       -121.6235    
    47.61021       -121.6057    
    47.61026       -121.5879    
    47.61029       -121.5702    

    47.61827       -122.3173    
    47.61842       -122.2995    
    47.61857       -122.2817    
    47.61872       -122.2639    
    47.61886       -122.2461    
    47.61900       -122.2284    
    47.61914       -122.2106    
    47.61928       -122.1928    
    47.61941       -122.1750    
    47.61954       -122.1572    
    47.61967       -122.1394    
    47.61979       -122.1216    
    47.61992       -122.1039    
    47.62003       -122.0861    
    47.62015       -122.0683    
    47.62027       -122.0505    
    47.62038       -122.0327    
    47.62049       -122.0149    
    47.62059       -121.9971    
    47.62069       -121.9793    
    47.62079       -121.9615    
    47.62089       -121.9438    
    47.62098       -121.9260    
    47.62107       -121.9082    
    47.62116       -121.8904    
    47.62125       -121.8726    
    47.62133       -121.8548    
    47.62141       -121.8370    
    47.62149       -121.8192    
    47.62157       -121.8015    
    47.62164       -121.7837    
    47.62171       -121.7659    
    47.62177       -121.7481    
    47.62184       -121.7303    
    47.62190       -121.7125    
    47.62196       -121.6947    
    47.62201       -121.6769    
    47.62207       -121.6591    
    47.62212       -121.6414    
    47.62217       -121.6236    
    47.62221       -121.6058    
    47.62225       -121.5880    
    47.62229       -121.5702    

    47.63025       -122.3175    
    47.63041       -122.2997    
    47.63056       -122.2819    
    47.63070       -122.2641    
    47.63085       -122.2463    
    47.63099       -122.2285    
    47.63113       -122.2108    
    47.63127       -122.1930    
    47.63140       -122.1752    
    47.63153       -122.1574    
    47.63166       -122.1396    
    47.63178       -122.1218    
    47.63190       -122.1040    
    47.63202       -122.0862    
    47.63214       -122.0685    
    47.63226       -122.0507    
    47.63237       -122.0329    
    47.63247       -122.0151    
    47.63258       -121.9973    
    47.63268       -121.9795    
    47.63278       -121.9617    
    47.63287       -121.9439    
    47.63297       -121.9261    
    47.63306       -121.9083    
    47.63315       -121.8905    
    47.63324       -121.8727    
    47.63332       -121.8549    
    47.63340       -121.8372    
    47.63348       -121.8194    
    47.63356       -121.8016    
    47.63363       -121.7838    
    47.63370       -121.7660    
    47.63376       -121.7482    
    47.63383       -121.7304    
    47.63389       -121.7126    
    47.63395       -121.6948    
    47.63400       -121.6770    
    47.63406       -121.6592    
    47.63411       -121.6414    
    47.63415       -121.6236    
    47.63420       -121.6058    
    47.63424       -121.5880    
    47.63428       -121.5703    

    47.64225       -122.3177    
    47.64240       -122.3000    
    47.64255       -122.2821    
    47.64270       -122.2643    
    47.64284       -122.2466    
    47.64298       -122.2288    
    47.64312       -122.2110    
    47.64326       -122.1932    
    47.64339       -122.1754    
    47.64352       -122.1576    
    47.64365       -122.1398    
    47.64378       -122.1220    
    47.64390       -122.1042    
    47.64401       -122.0864    
    47.64413       -122.0686    
    47.64425       -122.0508    
    47.64436       -122.0330    
    47.64446       -122.0152    
    47.64457       -121.9974    
    47.64468       -121.9796    
    47.64477       -121.9618    
    47.64487       -121.9440    
    47.64497       -121.9262    
    47.64506       -121.9084    
    47.64515       -121.8907    
    47.64523       -121.8729    
    47.64532       -121.8551    
    47.64540       -121.8372    
    47.64547       -121.8195    
    47.64555       -121.8017    
    47.64562       -121.7839    
    47.64569       -121.7661    
    47.64576       -121.7483    
    47.64582       -121.7305    
    47.64588       -121.7127    
    47.64594       -121.6949    
    47.64600       -121.6771    
    47.64605       -121.6593    
    47.64610       -121.6415    
    47.64615       -121.6237    
    47.64619       -121.6059    
    47.64623       -121.5881    
    47.64627       -121.5703    

    47.65423       -122.3180    
    47.65439       -122.3002    
    47.65453       -122.2824    
    47.65469       -122.2646    
    47.65483       -122.2468    
    47.65497       -122.2290    
    47.65511       -122.2112    
    47.65525       -122.1934    
    47.65538       -122.1756    
    47.65551       -122.1578    
    47.65564       -122.1400    
    47.65577       -122.1222    
    47.65588       -122.1044    
    47.65601       -122.0866    
    47.65612       -122.0688    
    47.65624       -122.0510    
    47.65635       -122.0332    
    47.65646       -122.0154    
    47.65656       -121.9976    
    47.65667       -121.9798    
    47.65676       -121.9620    
    47.65686       -121.9442    
    47.65696       -121.9264    
    47.65705       -121.9086    
    47.65714       -121.8908    
    47.65722       -121.8730    
    47.65731       -121.8552    
    47.65738       -121.8374    
    47.65746       -121.8196    
    47.65754       -121.8018    
    47.65761       -121.7840    
    47.65768       -121.7662    
    47.65775       -121.7484    
    47.65781       -121.7306    
    47.65788       -121.7128    
    47.65793       -121.6950    
    47.65799       -121.6772    
    47.65804       -121.6594    
    47.65809       -121.6416    
    47.65813       -121.6238    
    47.65818       -121.6060    
    47.65822       -121.5882    
    47.65826       -121.5704    

    47.66623       -122.3182    
    47.66638       -122.3004    
    47.66653       -122.2826    
    47.66668       -122.2648    
    47.66682       -122.2470    
    47.66697       -122.2292    
    47.66710       -122.2114    
    47.66724       -122.1936    
    47.66737       -122.1758    
    47.66750       -122.1580    
    47.66763       -122.1402    
    47.66776       -122.1224    
    47.66788       -122.1046    
    47.66800       -122.0868    
    47.66812       -122.0689    
    47.66823       -122.0511    
    47.66834       -122.0334    
    47.66845       -122.0155    
    47.66855       -121.9977    
    47.66866       -121.9799    
    47.66876       -121.9621    
    47.66885       -121.9443    
    47.66895       -121.9265    
    47.66904       -121.9087    
    47.66913       -121.8909    
    47.66922       -121.8731    
    47.66930       -121.8553    
    47.66938       -121.8375    
    47.66946       -121.8197    
    47.66953       -121.8019    
    47.66961       -121.7841    
    47.66967       -121.7663    
    47.66974       -121.7485    
    47.66980       -121.7307    
    47.66987       -121.7129    
    47.66993       -121.6951    
    47.66998       -121.6772    
    47.67003       -121.6595    
    47.67008       -121.6416    
    47.67013       -121.6238    
    47.67018       -121.6060    
    47.67022       -121.5882    
    47.67025       -121.5704    

    47.67822       -122.3184    
    47.67837       -122.3006    
    47.67852       -122.2828    
    47.67867       -122.2650    
    47.67881       -122.2472    
    47.67896       -122.2294    
    47.67909       -122.2116    
    47.67923       -122.1938    
    47.67936       -122.1760    
    47.67949       -122.1582    
    47.67962       -122.1404    
    47.67974       -122.1226    
    47.67987       -122.1047    
    47.67999       -122.0869    
    47.68010       -122.0691    
    47.68022       -122.0513    
    47.68033       -122.0335    
    47.68044       -122.0157    
    47.68054       -121.9979    
    47.68064       -121.9801    
    47.68074       -121.9623    
    47.68084       -121.9445    
    47.68093       -121.9267    
    47.68103       -121.9088    
    47.68112       -121.8911    
    47.68120       -121.8732    
    47.68129       -121.8554    
    47.68137       -121.8376    
    47.68145       -121.8198    
    47.68152       -121.8020    
    47.68159       -121.7842    
    47.68166       -121.7664    
    47.68173       -121.7486    
    47.68179       -121.7308    
    47.68185       -121.7130    
    47.68191       -121.6952    
    47.68197       -121.6773    
    47.68202       -121.6595    
    47.68207       -121.6417    
    47.68212       -121.6239    
    47.68217       -121.6061    
    47.68221       -121.5883    
    47.68225       -121.5705    

    47.69021       -122.3187    
    47.69036       -122.3008    
    47.69051       -122.2830    
    47.69066       -122.2652    
    47.69080       -122.2474    
    47.69094       -122.2296    
    47.69109       -122.2118    
    47.69122       -122.1940    
    47.69136       -122.1762    
    47.69149       -122.1584    
    47.69161       -122.1405    
    47.69173       -122.1227    
    47.69186       -122.1049    
    47.69198       -122.0871    
    47.69210       -122.0693    
    47.69221       -122.0515    
    47.69232       -122.0337    
    47.69243       -122.0159    
    47.69254       -121.9980    
    47.69264       -121.9802    
    47.69274       -121.9624    
    47.69284       -121.9446    
    47.69294       -121.9268    
    47.69302       -121.9090    
    47.69312       -121.8912    
    47.69320       -121.8734    
    47.69328       -121.8556    
    47.69336       -121.8377    
    47.69344       -121.8199    
    47.69352       -121.8021    
    47.69359       -121.7843    
    47.69366       -121.7665    
    47.69373       -121.7487    
    47.69379       -121.7309    
    47.69385       -121.7130    
    47.69391       -121.6952    
    47.69396       -121.6774    
    47.69402       -121.6596    
    47.69407       -121.6418    
    47.69411       -121.6240    
    47.69416       -121.6062    
    47.69420       -121.5883    
    47.69424       -121.5705    

    47.70220       -122.3189    
    47.70235       -122.3011    
    47.70250       -122.2833    
    47.70265       -122.2654    
    47.70279       -122.2476    
    47.70293       -122.2298    
    47.70308       -122.2120    
    47.70321       -122.1942    
    47.70334       -122.1764    
    47.70348       -122.1585    
    47.70360       -122.1407    
    47.70373       -122.1229    
    47.70385       -122.1051    
    47.70397       -122.0873    
    47.70409       -122.0695    
    47.70420       -122.0517    
    47.70431       -122.0338    
    47.70442       -122.0160    
    47.70452       -121.9982    
    47.70463       -121.9804    
    47.70473       -121.9626    
    47.70483       -121.9448    
    47.70492       -121.9269    
    47.70501       -121.9091    
    47.70510       -121.8913    
    47.70518       -121.8735    
    47.70527       -121.8557    
    47.70535       -121.8379    
    47.70543       -121.8200    
    47.70551       -121.8022    
    47.70557       -121.7844    
    47.70565       -121.7666    
    47.70572       -121.7488    
    47.70577       -121.7310    
    47.70584       -121.7131    
    47.70589       -121.6953    
    47.70595       -121.6775    
    47.70600       -121.6597    
    47.70605       -121.6419    
    47.70610       -121.6241    
    47.70615       -121.6062    
    47.70619       -121.5884    
    47.70623       -121.5706    

    47.71419       -122.3191    
    47.71435       -122.3013    
    47.71449       -122.2835    
    47.71464       -122.2657    
    47.71478       -122.2478    
    47.71493       -122.2300    
    47.71507       -122.2122    
    47.71520       -122.1944    
    47.71534       -122.1765    
    47.71547       -122.1588    
    47.71560       -122.1409    
    47.71572       -122.1231    
    47.71584       -122.1053    
    47.71597       -122.0875    
    47.71608       -122.0696    
    47.71619       -122.0518    
    47.71630       -122.0340    
    47.71642       -122.0162    
    47.71652       -121.9984    
    47.71662       -121.9805    
    47.71672       -121.9627    
    47.71682       -121.9449    
    47.71692       -121.9271    
    47.71701       -121.9092    
    47.71709       -121.8914    
    47.71718       -121.8736    
    47.71727       -121.8558    
    47.71735       -121.8380    
    47.71742       -121.8202    
    47.71750       -121.8023    
    47.71757       -121.7845    
    47.71764       -121.7667    
    47.71771       -121.7489    
    47.71777       -121.7310    
    47.71783       -121.7132    
    47.71789       -121.6954    
    47.71795       -121.6776    
    47.71800       -121.6598    
    47.71805       -121.6419    
    47.71810       -121.6241    
    47.71814       -121.6063    
    47.71818       -121.5885    
    47.71822       -121.5706    

    47.72617       -122.3193    
    47.72633       -122.3015    
    47.72648       -122.2837    
    47.72663       -122.2659    
    47.72677       -122.2480    
    47.72691       -122.2302    
    47.72705       -122.2124    
    47.72719       -122.1946    
    47.72733       -122.1768    
    47.72745       -122.1589    
    47.72758       -122.1411    
    47.72770       -122.1233    
    47.72783       -122.1055    
    47.72795       -122.0876    
    47.72807       -122.0698    
    47.72818       -122.0520    
    47.72829       -122.0341    
    47.72840       -122.0163    
    47.72851       -121.9985    
    47.72861       -121.9807    
    47.72871       -121.9629    
    47.72881       -121.9450    
    47.72890       -121.9272    
    47.72899       -121.9094    
    47.72908       -121.8916    
    47.72917       -121.8737    
    47.72925       -121.8559    
    47.72933       -121.8381    
    47.72941       -121.8203    
    47.72948       -121.8024    
    47.72956       -121.7846    
    47.72963       -121.7668    
    47.72969       -121.7490    
    47.72976       -121.7311    
    47.72982       -121.7133    
    47.72988       -121.6955    
    47.72993       -121.6777    
    47.72998       -121.6598    
    47.73004       -121.6420    
    47.73008       -121.6242    
    47.73013       -121.6064    
    47.73017       -121.5885    
    47.73021       -121.5707    

    47.73817       -122.3196    
    47.73832       -122.3018    
    47.73848       -122.2839    
    47.73862       -122.2661    
    47.73877       -122.2483    
    47.73891       -122.2304    
    47.73905       -122.2126    
    47.73919       -122.1948    
    47.73932       -122.1769    
    47.73945       -122.1591    
    47.73958       -122.1413    
    47.73970       -122.1235    
    47.73983       -122.1057    
    47.73994       -122.0878    
    47.74006       -122.0700    
    47.74018       -122.0522    
    47.74029       -122.0343    
    47.74040       -122.0165    
    47.74050       -121.9987    
    47.74061       -121.9808    
    47.74070       -121.9630    
    47.74080       -121.9452    
    47.74090       -121.9274    
    47.74099       -121.9095    
    47.74108       -121.8917    
    47.74117       -121.8739    
    47.74125       -121.8560    
    47.74133       -121.8382    
    47.74141       -121.8204    
    47.74149       -121.8026    
    47.74156       -121.7847    
    47.74162       -121.7669    
    47.74169       -121.7491    
    47.74176       -121.7312    
    47.74181       -121.7134    
    47.74187       -121.6956    
    47.74193       -121.6777    
    47.74198       -121.6599    
    47.74203       -121.6421    
    47.74208       -121.6242    
    47.74212       -121.6064    
    47.74217       -121.5886    
    47.74221       -121.5708    

    47.75016       -122.3198    
    47.75031       -122.3020    
    47.75046       -122.2841    
    47.75061       -122.2663    
    47.75075       -122.2485    
    47.75090       -122.2307    
    47.75103       -122.2128    
    47.75117       -122.1950    
    47.75130       -122.1772    
    47.75144       -122.1593    
    47.75156       -122.1415    
    47.75169       -122.1237    
    47.75181       -122.1058    
    47.75193       -122.0880    
    47.75205       -122.0702    
    47.75216       -122.0523    
    47.75227       -122.0345    
    47.75238       -122.0167    
    47.75249       -121.9988    
    47.75259       -121.9810    
    47.75269       -121.9632    
    47.75279       -121.9453    
    47.75288       -121.9275    
    47.75298       -121.9097    
    47.75306       -121.8918    
    47.75315       -121.8740    
    47.75323       -121.8562    
    47.75332       -121.8383    
    47.75340       -121.8205    
    47.75347       -121.8026    
    47.75354       -121.7848    
    47.75360       -121.7670    
    47.75368       -121.7491    
    47.75374       -121.7313    
    47.75380       -121.7135    
    47.75386       -121.6956    
    47.75392       -121.6778    
    47.75397       -121.6600    
    47.75402       -121.6422    
    47.75407       -121.6243    
    47.75411       -121.6065    
    47.75415       -121.5887    
    47.75419       -121.5708    

