    99.36013    
    118.4372    
    102.7672    
    71.35300    
    59.85550    
    62.69725    
    62.94802    
    66.75397    
    77.79198    
    93.03761    
    107.5089    
    104.5087    
    93.63693    
    90.57021    
    99.37794    
    132.7823    
    164.2373    
    175.8886    
    183.6158    
    200.0062    
    227.0007    
    265.6700    
    313.8587    
    352.2558    
    462.8665    
    628.4752    
    657.0048    
    577.7067    
    541.5206    
    536.1817    
    495.8488    
    533.4753    
    696.6185    
    821.1021    
    849.6963    
    846.2278    
    921.7349    
    1062.227    
    1116.483    
    1091.235    
    1081.453    
    1144.157    

    111.3278    
    117.2598    
    97.54774    
    69.43246    
    59.57866    
    61.43359    
    65.19471    
    71.52742    
    80.75127    
    98.94289    
    118.8574    
    121.9406    
    118.1739    
    122.1705    
    136.3142    
    161.8642    
    178.2883    
    198.1303    
    242.2806    
    258.0545    
    239.2348    
    252.1226    
    298.3409    
    337.6874    
    399.4763    
    463.7630    
    485.1724    
    576.5958    
    681.0583    
    610.6093    
    499.0501    
    556.3613    
    693.8226    
    773.3351    
    818.8287    
    882.4499    
    1013.111    
    1093.494    
    1048.440    
    1078.782    
    1172.345    
    1187.064    

    124.2649    
    124.9103    
    105.7582    
    72.45936    
    57.69332    
    61.08102    
    77.20973    
    91.25552    
    85.94615    
    91.04214    
    110.1091    
    122.0085    
    133.4518    
    147.1608    
    156.0965    
    164.0938    
    172.1872    
    200.9027    
    266.8737    
    290.4970    
    247.8073    
    238.2040    
    267.6650    
    294.6819    
    327.6937    
    407.3029    
    576.4649    
    763.2710    
    770.1612    
    582.6279    
    477.6647    
    568.4314    
    707.8530    
    819.8911    
    939.8840    
    1030.492    
    1070.101    
    1056.782    
    987.6725    
    1035.195    
    1194.375    
    1199.117    

    136.6670    
    139.2434    
    120.9678    
    76.17167    
    50.13720    
    57.28463    
    85.55828    
    107.6418    
    98.73065    
    91.26549    
    102.9057    
    121.2249    
    138.9386    
    150.2811    
    154.1010    
    158.5514    
    170.6015    
    200.6221    
    247.8121    
    267.8103    
    246.5105    
    236.4184    
    249.4241    
    284.8037    
    378.7456    
    559.1669    
    760.5358    
    794.2330    
    637.4261    
    500.3953    
    537.1860    
    700.3253    
    865.2953    
    962.8337    
    1042.528    
    1087.226    
    1034.062    
    971.0906    
    934.9714    
    998.2309    
    1152.038    
    1171.776    

    133.9199    
    140.3508    
    118.2420    
    69.97001    
    40.35653    
    52.64199    
    88.62766    
    116.3189    
    118.9903    
    113.4608    
    113.5354    
    125.3238    
    143.1693    
    151.6592    
    151.3904    
    156.0422    
    171.5551    
    199.0459    
    232.7781    
    255.9378    
    255.9214    
    249.3413    
    258.6695    
    314.0951    
    463.9578    
    657.9990    
    748.9547    
    650.2462    
    496.3359    
    472.6554    
    615.6429    
    845.5968    
    1015.433    
    1011.973    
    965.1836    
    984.0763    
    938.6024    
    868.9005    
    881.1487    
    945.3137    
    991.4293    
    990.6385    

    113.7271    
    125.8276    
    97.12550    
    54.14597    
    34.12681    
    53.07522    
    92.72305    
    119.2397    
    124.1782    
    122.9398    
    121.4722    
    125.8543    
    138.8029    
    150.6797    
    154.3141    
    157.8782    
    173.0031    
    197.2762    
    227.0491    
    250.7994    
    252.2999    
    249.4739    
    263.0034    
    312.6060    
    434.8262    
    568.6087    
    591.8904    
    509.5135    
    453.1753    
    514.1735    
    666.0147    
    843.4370    
    978.5735    
    943.9232    
    815.8027    
    771.8531    
    740.4620    
    723.5098    
    765.2156    
    775.2034    
    755.1578    
    790.8245    

    95.34034    
    110.0019    
    77.52711    
    45.01577    
    37.96594    
    60.30232    
    99.43124    
    120.6259    
    122.2605    
    122.4657    
    123.0044    
    122.8800    
    128.2967    
    145.3491    
    159.6600    
    163.4398    
    172.2423    
    192.4776    
    215.8290    
    226.5538    
    229.9952    
    239.8553    
    253.4424    
    279.1897    
    343.2266    
    422.2872    
    446.6200    
    428.0477    
    447.5643    
    567.1727    
    744.7606    
    875.4525    
    945.5208    
    894.3483    
    717.3468    
    604.5630    
    587.7390    
    584.0720    
    599.5608    
    656.6656    
    755.9262    
    890.9384    

    84.49076    
    102.0594    
    72.17684    
    47.88855    
    46.94342    
    69.16462    
    106.6138    
    124.1562    
    122.4234    
    124.8144    
    131.4420    
    129.8634    
    126.7143    
    137.0184    
    153.0593    
    160.1921    
    162.2752    
    178.9743    
    200.5440    
    201.8331    
    208.3033    
    229.4919    
    242.9748    
    255.7367    
    291.1758    
    339.7187    
    365.9655    
    391.3586    
    468.1709    
    618.8332    
    844.4939    
    1007.771    
    1011.424    
    891.6707    
    676.2526    
    559.5605    
    586.4933    
    619.6160    
    717.1084    
    905.9850    
    1049.794    
    1119.104    

    72.90468    
    95.71069    
    70.78279    
    48.89182    
    49.52427    
    73.57447    
    112.6641    
    132.8692    
    129.5287    
    130.1345    
    141.7725    
    143.9212    
    138.6703    
    139.0422    
    143.1476    
    144.6225    
    148.7706    
    168.0523    
    185.8137    
    188.7065    
    197.3800    
    217.1725    
    233.7616    
    248.6088    
    275.6674    
    304.9722    
    325.7374    
    381.4311    
    517.9410    
    711.2266    
    937.2349    
    1068.780    
    982.5822    
    775.1470    
    594.9662    
    583.5117    
    703.1311    
    863.4035    
    1058.094    
    1187.781    
    1165.599    
    1060.725    

    68.40204    
    90.01270    
    68.97219    
    51.66002    
    52.59346    
    73.82812    
    114.4473    
    139.8648    
    139.0383    
    138.4016    
    149.3797    
    157.0201    
    158.6162    
    158.5872    
    148.6076    
    135.6891    
    146.3101    
    171.4642    
    181.7746    
    188.6185    
    205.6814    
    220.3357    
    232.6954    
    255.4996    
    288.6065    
    314.5825    
    327.3588    
    368.0327    
    490.6802    
    681.1152    
    868.9050    
    937.9640    
    804.8352    
    601.9451    
    565.0759    
    732.6643    
    944.6409    
    1105.995    
    1188.608    
    1138.531    
    964.5467    
    774.4727    

    80.21711    
    92.85320    
    70.50959    
    56.41372    
    57.09834    
    74.39478    
    114.1262    
    136.5302    
    137.1566    
    144.4186    
    156.7499    
    166.4308    
    172.1306    
    172.1210    
    156.0163    
    135.8266    
    145.2148    
    168.9222    
    179.2080    
    187.8570    
    209.3856    
    232.5845    
    256.8612    
    295.7178    
    336.4849    
    372.0975    
    395.4703    
    391.9984    
    395.1144    
    461.9185    
    586.3581    
    654.5934    
    593.5156    
    563.9498    
    722.7198    
    956.7487    
    1101.517    
    1105.953    
    1028.711    
    901.9149    
    706.5759    
    610.8552    

    94.17828    
    98.33609    
    73.89972    
    57.91638    
    57.65352    
    75.41638    
    115.0092    
    132.6393    
    134.6257    
    149.8077    
    161.3479    
    164.7025    
    167.1487    
    166.4528    
    151.4153    
    135.1783    
    144.9398    
    162.0797    
    170.7953    
    184.0830    
    213.9854    
    266.5902    
    339.9879    
    411.2528    
    441.7717    
    447.6808    
    474.6643    
    496.2310    
    456.2946    
    396.3199    
    399.7550    
    437.4926    
    466.5244    
    609.2983    
    882.0249    
    1042.848    
    1009.818    
    865.8400    
    722.9150    
    661.0141    
    652.6413    
    803.8258    

    102.8784    
    104.5057    
    80.60925    
    60.70367    
    57.01468    
    72.68033    
    109.9379    
    129.9190    
    137.2137    
    153.8288    
    160.7251    
    160.5052    
    164.3830    
    159.5760    
    138.8191    
    132.2009    
    156.6710    
    167.9357    
    163.3060    
    197.3343    
    272.4825    
    375.4655    
    495.3297    
    584.6515    
    589.8287    
    526.0437    
    511.1311    
    597.8734    
    661.4744    
    569.7003    
    408.1951    
    342.2138    
    375.8173    
    510.8163    
    723.6821    
    821.2487    
    731.9453    
    598.4783    
    587.4600    
    742.8217    
    939.7931    
    1127.747    

    110.1243    
    113.4624    
    89.04546    
    64.33778    
    56.59671    
    68.72655    
    100.5457    
    123.1738    
    132.2984    
    143.7903    
    152.0929    
    159.7700    
    159.5552    
    144.5965    
    131.8569    
    135.8326    
    155.1717    
    159.9342    
    177.6568    
    256.4780    
    362.4518    
    493.1708    
    624.8245    
    689.5527    
    649.8177    
    541.6320    
    538.8455    
    698.1550    
    808.1361    
    665.0369    
    402.9865    
    280.8168    
    276.0131    
    301.1306    
    395.0229    
    494.4312    
    512.6435    
    592.9227    
    808.5938    
    1057.565    
    1208.940    
    1178.247    

    112.9662    
    114.9812    
    88.79846    
    64.63474    
    57.08564    
    66.77848    
    94.19244    
    114.9069    
    114.7477    
    111.9135    
    120.3832    
    133.9353    
    130.8754    
    126.5407    
    142.2778    
    146.7286    
    138.4828    
    148.6612    
    230.8938    
    357.9737    
    436.3263    
    512.4053    
    590.8441    
    602.2418    
    535.4429    
    461.8870    
    562.4136    
    783.4951    
    790.1614    
    534.7065    
    303.5967    
    230.1158    
    218.9387    
    205.5148    
    254.8497    
    340.5945    
    450.7881    
    745.5529    
    1026.691    
    1134.565    
    1238.025    
    1188.971    

    110.5181    
    103.9155    
    77.63317    
    60.82475    
    57.58855    
    62.72186    
    80.25357    
    94.16673    
    90.28456    
    86.33344    
    96.31558    
    110.3468    
    120.3472    
    133.2152    
    146.2888    
    137.3190    
    126.9197    
    162.2697    
    288.3015    
    451.7153    
    531.5839    
    541.8938    
    501.5803    
    424.5442    
    372.4739    
    388.9861    
    566.0829    
    753.5471    
    626.7504    
    339.4403    
    206.6405    
    192.1122    
    190.8919    
    200.1245    
    247.0882    
    301.3402    
    398.6457    
    657.4030    
    900.8566    
    1024.834    
    1217.274    
    1299.194    

    105.8961    
    87.79219    
    67.70307    
    65.89500    
    67.76910    
    58.97239    
    58.94854    
    72.25740    
    86.28204    
    102.5511    
    120.0148    
    130.2830    
    137.8011    
    147.7749    
    164.8895    
    153.3264    
    143.8775    
    226.4698    
    379.1698    
    537.8810    
    639.8410    
    634.1982    
    495.9958    
    334.4083    
    302.7955    
    396.1098    
    572.2659    
    633.5356    
    426.7976    
    218.6026    
    175.7202    
    203.4068    
    232.3414    
    237.1560    
    261.3958    
    330.0730    
    388.1020    
    435.2361    
    584.3691    
    844.3752    
    1130.047    
    1231.948    

    97.89503    
    73.27126    
    63.87820    
    77.43276    
    78.25935    
    48.29852    
    41.03753    
    72.33891    
    105.6981    
    127.7542    
    140.5176    
    138.6326    
    143.2626    
    202.1259    
    297.4704    
    269.1260    
    192.6056    
    319.1375    
    529.7315    
    656.3487    
    686.9150    
    605.8303    
    428.3066    
    278.5367    
    292.1746    
    425.7272    
    533.0569    
    463.3524    
    267.9881    
    166.9769    
    174.0881    
    288.9415    
    459.3009    
    498.0203    
    498.9059    
    560.3460    
    536.6577    
    405.1972    
    377.9121    
    576.5373    
    907.8205    
    1010.326    

    81.72961    
    63.84918    
    62.03120    
    68.37003    
    54.80512    
    23.84838    
    30.05216    
    76.95115    
    114.7325    
    129.5807    
    147.3738    
    167.9852    
    188.0723    
    276.2454    
    400.5267    
    331.8734    
    195.2829    
    335.5627    
    591.0945    
    690.5880    
    612.7597    
    438.0233    
    289.4074    
    237.7701    
    290.4663    
    382.2832    
    392.9088    
    286.5435    
    175.8911    
    148.4841    
    166.8197    
    361.3835    
    728.3307    
    918.1227    
    919.7591    
    919.6996    
    826.4247    
    567.4399    
    356.6487    
    380.8975    
    598.9287    
    712.5834    

    63.17037    
    58.45651    
    52.80308    
    37.82517    
    17.04797    
    7.488213    
    29.13117    
    76.67479    
    119.6166    
    147.8167    
    193.3509    
    269.5243    
    292.9744    
    271.5742    
    280.2621    
    214.4859    
    139.0761    
    262.2793    
    453.1739    
    503.0977    
    411.6682    
    271.5978    
    206.5403    
    239.2651    
    283.3428    
    288.3696    
    244.7518    
    182.6429    
    146.4345    
    149.5822    
    167.5694    
    312.3939    
    693.1945    
    1034.320    
    1080.036    
    1060.756    
    1049.885    
    784.7689    
    460.5642    
    349.3901    
    369.6220    
    455.8987    

    49.60273    
    54.31498    
    37.70221    
    15.75588    
    14.22285    
    19.67338    
    34.88301    
    80.00636    
    135.2556    
    183.4354    
    244.7558    
    342.7957    
    362.0154    
    238.6094    
    127.8970    
    89.35355    
    97.71729    
    179.8092    
    274.8570    
    292.8836    
    256.0753    
    208.6856    
    191.3192    
    227.2300    
    256.9685    
    231.9319    
    174.9017    
    145.5852    
    154.8362    
    183.8754    
    209.2736    
    236.4049    
    422.6171    
    734.7170    
    889.9006    
    980.7392    
    1104.762    
    999.6063    
    737.2204    
    570.6276    
    461.1992    
    411.0912    

    44.41782    
    55.96009    
    36.91180    
    14.75041    
    30.82316    
    42.46149    
    39.71984    
    77.55042    
    138.0772    
    197.2153    
    261.3648    
    333.9494    
    330.0421    
    200.2719    
    81.67480    
    63.26436    
    96.80626    
    159.3111    
    232.5694    
    256.3326    
    260.1061    
    259.4543    
    213.9602    
    182.5918    
    189.7113    
    169.8739    
    125.6184    
    124.1495    
    172.9581    
    231.8400    
    266.2221    
    249.0369    
    269.8853    
    409.1167    
    618.2844    
    875.5810    
    1103.492    
    1159.339    
    1069.828    
    965.6902    
    809.3765    
    585.4253    

    48.69127    
    57.45060    
    40.03588    
    14.88560    
    26.56976    
    42.32421    
    34.99593    
    60.95245    
    124.5205    
    201.7678    
    258.3189    
    266.7222    
    213.5218    
    120.6046    
    66.48093    
    77.56857    
    114.6344    
    160.9600    
    220.2552    
    252.6774    
    268.0226    
    259.4993    
    180.3128    
    108.3983    
    91.06199    
    86.43734    
    95.71178    
    134.0351    
    193.3227    
    251.3791    
    285.3683    
    283.2758    
    275.1868    
    303.3969    
    472.3287    
    780.5331    
    1025.962    
    1124.542    
    1146.997    
    1155.588    
    1070.248    
    866.2193    

    53.36882    
    47.87761    
    24.94838    
    6.626761    
    20.69494    
    37.62622    
    24.59107    
    36.29751    
    99.41220    
    177.0898    
    207.6216    
    168.3024    
    104.4606    
    67.09518    
    71.24518    
    99.41243    
    124.7489    
    138.3328    
    159.1212    
    182.8339    
    185.3295    
    146.8821    
    84.85221    
    46.56785    
    48.33441    
    94.53183    
    159.6929    
    203.7308    
    227.4659    
    247.2236    
    271.9672    
    286.2655    
    298.7193    
    323.9844    
    456.0164    
    708.7130    
    917.3588    
    1013.745    
    1074.233    
    1146.774    
    1124.795    
    1018.822    

    53.38319    
    38.59928    
    11.16151    
    6.706528    
    29.34310    
    38.49538    
    20.51767    
    27.15849    
    71.96640    
    117.0034    
    124.3062    
    92.92609    
    64.04346    
    67.42426    
    94.31538    
    117.0689    
    124.7302    
    127.1070    
    129.7801    
    124.6221    
    102.5765    
    66.05118    
    36.35276    
    37.62698    
    87.03751    
    178.4572    
    251.0546    
    269.4933    
    258.8346    
    249.1991    
    264.3798    
    293.5588    
    321.7185    
    356.7270    
    479.8441    
    725.1622    
    961.8962    
    1041.475    
    1069.516    
    1164.650    
    1154.161    
    1057.497    

    54.17112    
    38.77022    
    10.45601    
    9.970926    
    24.49375    
    23.90854    
    23.23134    
    39.94828    
    65.48058    
    85.79126    
    85.79127    
    69.38072    
    60.44958    
    75.40218    
    106.0293    
    124.0516    
    128.3021    
    134.2618    
    135.0307    
    107.6280    
    72.28976    
    56.54829    
    40.90310    
    59.57150    
    135.3502    
    223.9976    
    279.6441    
    284.6884    
    265.5673    
    255.7864    
    278.3961    
    321.3408    
    351.7639    
    383.2037    
    518.7733    
    772.3065    
    971.7305    
    1040.709    
    1105.527    
    1208.933    
    1203.483    
    1095.739    

    65.13887    
    45.86943    
    12.45794    
    4.169068    
    7.397527    
    10.17219    
    27.90584    
    50.07311    
    67.83155    
    83.31495    
    82.85561    
    68.79433    
    60.53835    
    70.98968    
    98.71368    
    121.7442    
    131.0144    
    139.0316    
    137.5063    
    106.1404    
    69.67221    
    51.12831    
    40.52896    
    66.55232    
    135.9691    
    208.2773    
    256.6075    
    269.8369    
    258.6591    
    256.9835    
    295.0707    
    342.6841    
    361.8455    
    385.8920    
    522.0013    
    747.0949    
    862.1467    
    962.1366    
    1143.301    
    1251.691    
    1191.182    
    1030.605    

    84.51073    
    57.11839    
    14.22297    
   0.6397389    
    4.472148    
    17.33435    
    38.19247    
    53.59106    
    64.16043    
    75.66980    
    77.12241    
    67.98206    
    60.51248    
    67.31159    
    95.79509    
    121.7488    
    122.8709    
    120.9594    
    116.2534    
    99.64574    
    76.69854    
    44.38683    
    31.21768    
    51.88918    
    110.6127    
    185.9862    
    226.4197    
    242.9970    
    249.2073    
    257.5610    
    297.5975    
    338.4449    
    353.5639    
    363.8182    
    494.4221    
    744.1331    
    872.7958    
    960.3651    
    1109.378    
    1226.120    
    1149.656    
    949.6405    

    86.19057    
    58.70069    
    13.13830    
    1.464842    
    13.19910    
    36.10142    
    53.16597    
    58.38262    
    61.27956    
    66.41982    
    69.58322    
    66.86201    
    60.76445    
    70.67263    
    105.9790    
    124.8414    
    104.8877    
    89.33013    
    89.67870    
    96.56866    
    94.39540    
    57.71996    
    31.50227    
    39.92349    
    99.96510    
    195.0659    
    227.3917    
    223.2386    
    242.5273    
    266.4809    
    296.8354    
    322.7524    
    334.8007    
    345.8752    
    456.7496    
    689.5370    
    893.5638    
    999.9559    
    1032.520    
    1101.079    
    1028.755    
    901.1171    

    51.54502    
    36.88967    
    7.488976    
    1.148431    
    12.41679    
    35.53270    
    53.72102    
    60.37473    
    61.85766    
    62.23177    
    63.22959    
    63.14301    
    59.82338    
    73.73987    
    105.1029    
    106.5047    
    83.03551    
    86.78487    
    108.9416    
    117.3582    
    115.0273    
    85.89440    
    43.31981    
    36.64288    
    95.49210    
    191.5611    
    225.0864    
    213.9366    
    247.1464    
    296.7626    
    323.0354    
    330.1879    
    337.1493    
    361.5938    
    418.3059    
    536.2421    
    734.0098    
    866.6226    
    856.6548    
    868.1521    
    834.8440    
    847.8114    

    18.24384    
    14.98451    
    7.536738    
    2.719577    
    3.689829    
    16.32800    
    38.73109    
    59.24290    
    66.13006    
    62.80412    
    60.47038    
    60.73338    
    59.65377    
    70.60878    
    87.50334    
    84.44208    
    86.05083    
    122.7211    
    151.7912    
    132.8879    
    118.8520    
    104.3264    
    53.55580    
    42.15096    
    90.26189    
    150.3557    
    192.8546    
    209.7117    
    250.3001    
    325.1770    
    366.4765    
    365.6554    
    379.3227    
    421.5665    
    487.4752    
    542.3435    
    570.1103    
    581.7302    
    577.3354    
    597.1717    
    646.0057    
    737.8333    

    29.16554    
    28.11545    
    25.05186    
    10.37283    
   0.5442867    
    5.539817    
    27.56551    
    56.68652    
    68.15698    
    63.67505    
    60.53964    
    60.71420    
    60.18288    
    65.39025    
    79.71307    
    96.48479    
    118.3783    
    154.6136    
    160.9294    
    114.8025    
    93.37503    
    86.28383    
    47.69540    
    53.10633    
    98.93867    
    125.7662    
    169.1917    
    208.4845    
    239.0154    
    321.4671    
    391.4112    
    404.3155    
    434.2963    
    504.2378    
    641.6508    
    751.8765    
    681.8691    
    569.7974    
    534.7073    
    540.6125    
    603.3336    
    689.2596    

    57.50187    
    56.00079    
    45.81145    
    19.82404    
    2.119281    
    4.014875    
    24.70079    
    53.35450    
    64.21861    
    61.83263    
    61.70112    
    62.86962    
    60.96003    
    66.12215    
    91.97498    
    125.4221    
    148.9474    
    163.2964    
    137.8454    
    79.17962    
    52.12071    
    46.17611    
    36.86239    
    65.20759    
    119.4885    
    141.3214    
    161.2294    
    191.9794    
    221.1933    
    300.8050    
    389.6035    
    418.7293    
    459.0843    
    531.2244    
    669.5974    
    869.3833    
    929.4846    
    868.1805    
    801.7278    
    760.1523    
    812.8787    
    912.2618    

    80.06020    
    67.98295    
    46.68974    
    18.82487    
    1.762769    
    3.880790    
    24.84073    
    52.24784    
    61.52525    
    60.32996    
    64.49058    
    69.31370    
    64.04869    
    69.44142    
    104.3978    
    142.6449    
    161.4957    
    150.9460    
    101.8291    
    52.32549    
    39.68480    
    45.30281    
    55.00948    
    88.42230    
    141.9238    
    167.5916    
    160.1254    
    165.1338    
    200.8080    
    270.9203    
    351.3138    
    390.0731    
    427.3188    
    479.7016    
    563.7242    
    734.3945    
    883.5801    
    940.9153    
    916.3747    
    892.6350    
    939.7096    
    1039.222    

    90.36536    
    65.86603    
    34.47613    
    11.97959    
    7.107088    
    11.70347    
    27.18375    
    50.70937    
    60.73110    
    60.44984    
    64.65353    
    69.78014    
    64.29064    
    69.37726    
    103.9564    
    140.3645    
    149.5525    
    119.8166    
    69.38850    
    46.82085    
    65.74598    
    91.02742    
    99.66959    
    117.6350    
    155.9184    
    179.7649    
    172.5771    
    164.7996    
    186.0363    
    238.3423    
    306.7208    
    356.0150    
    392.2079    
    440.6626    
    514.2435    
    611.4343    
    692.9067    
    740.9957    
    736.9817    
    749.2343    
    801.9089    
    895.1518    

    82.06610    
    57.58232    
    27.50774    
    19.21179    
    39.96473    
    46.44182    
    40.56632    
    49.83392    
    59.71460    
    60.85163    
    63.33869    
    68.75470    
    67.32579    
    67.30230    
    91.67426    
    124.3528    
    126.7046    
    92.04118    
    55.52005    
    57.66967    
    96.30439    
    131.1345    
    136.1534    
    135.8469    
    153.8050    
    175.0876    
    189.5615    
    201.9969    
    218.0391    
    252.8911    
    304.1830    
    346.9496    
    385.0728    
    442.2870    
    562.6740    
    724.2015    
    805.4160    
    792.0904    
    755.9567    
    753.5374    
    796.3007    
    884.3538    

    83.32294    
    53.66483    
    25.60216    
    40.16428    
    87.21937    
    91.79143    
    61.94794    
    54.28903    
    60.21064    
    60.99815    
    68.82056    
    86.05262    
    86.93661    
    69.45338    
    78.73177    
    112.7077    
    114.4091    
    76.70297    
    52.18028    
    73.90218    
    116.0923    
    143.0172    
    146.5332    
    137.0962    
    144.3922    
    174.5939    
    218.8426    
    263.0282    
    288.3947    
    316.3313    
    353.1895    
    388.6219    
    419.7977    
    458.7263    
    603.6340    
    855.5563    
    993.8745    
    964.3857    
    941.9988    
    988.4505    
    1008.828    
    1003.381    

    99.23224    
    59.35789    
    24.79947    
    51.30280    
    104.4736    
    109.6646    
    78.77188    
    61.36616    
    60.17476    
    63.41085    
    82.20337    
    109.1242    
    106.9020    
    78.23760    
    79.31193    
    111.8499    
    109.7080    
    66.50347    
    50.31779    
    79.74429    
    104.6735    
    111.9272    
    120.0468    
    121.7705    
    142.1971    
    190.2076    
    247.1321    
    298.2277    
    329.3355    
    392.8358    
    488.5992    
    547.3282    
    548.8133    
    519.0985    
    570.3459    
    743.9617    
    837.0855    
    793.7011    
    833.4058    
    995.3250    
    1025.204    
    966.4176    

    111.0880    
    68.29949    
    22.86472    
    35.21360    
    77.65767    
    93.21670    
    81.01036    
    65.18995    
    59.22407    
    68.53088    
    96.04183    
    118.8429    
    113.5811    
    92.75782    
    92.77209    
    115.0793    
    108.8939    
    67.20436    
    48.62668    
    61.41397    
    67.32148    
    71.76910    
    92.69666    
    114.7215    
    151.9863    
    206.4464    
    245.7390    
    286.8236    
    348.2599    
    485.7268    
    664.7340    
    729.4845    
    702.3143    
    649.7657    
    579.1072    
    548.7483    
    548.8313    
    567.5072    
    658.4210    
    804.0906    
    853.3360    
    907.5968    

