    72.00552    
    114.0040    
    124.0957    
    87.64693    
    57.31541    
    63.34124    
    65.72950    
    67.15401    
    75.88746    
    85.52482    
    95.38834    
    98.05302    
    79.86629    
    84.53017    
    79.19224    
    85.08428    
    133.2894    
    158.5195    
    153.3330    
    155.3497    
    206.2195    
    246.8093    
    299.6847    
    337.7046    
    360.7560    
    570.9254    
    802.4155    
    781.6141    
    570.9367    
    465.4642    
    490.8980    
    439.7637    
    566.4014    
    785.2450    
    881.1277    
    903.6800    
    857.8615    
    930.0917    
    1129.722    
    1154.290    
    1008.855    
    1019.064    
    1192.354    

    92.95135    
    118.4796    
    117.1695    
    82.15676    
    58.29292    
    60.47242    
    61.24582    
    57.66275    
    66.31168    
    83.44398    
    107.7933    
    128.8008    
    111.3148    
    98.83651    
    99.72195    
    133.5133    
    179.2423    
    185.8981    
    205.8038    
    219.9768    
    218.4789    
    236.4951    
    279.6910    
    338.3546    
    372.2080    
    547.5764    
    592.9834    
    451.0060    
    507.2697    
    622.4118    
    565.9527    
    486.7808    
    640.9553    
    793.8724    
    824.1630    
    789.8145    
    833.5554    
    1065.431    
    1123.665    
    1058.254    
    1143.542    
    1154.351    
    1210.858    

    112.9186    
    120.9616    
    112.4283    
    78.43645    
    58.84371    
    60.70559    
    63.31050    
    78.55976    
    83.57549    
    89.67395    
    114.8603    
    123.9753    
    123.6715    
    138.8730    
    151.2508    
    160.7708    
    173.9305    
    174.0822    
    226.7373    
    316.6046    
    277.1578    
    224.8073    
    267.4968    
    307.8210    
    332.3661    
    345.7545    
    368.7376    
    527.9626    
    820.1450    
    774.4069    
    479.6656    
    463.8014    
    633.9079    
    706.5549    
    768.7501    
    892.5875    
    1013.842    
    1139.615    
    1045.264    
    966.5762    
    1146.757    
    1244.731    
    1138.318    

    131.3233    
    131.8562    
    134.3951    
    97.77296    
    54.78431    
    56.43966    
    63.86831    
    103.1004    
    99.78645    
    70.74873    
    88.88557    
    112.7153    
    127.6718    
    143.5907    
    154.9289    
    157.4355    
    164.2384    
    176.4978    
    226.2935    
    297.8595    
    270.3662    
    218.8979    
    241.6140    
    253.7284    
    284.8122    
    347.8419    
    566.8774    
    842.2819    
    862.6946    
    623.3984    
    453.0407    
    514.1510    
    661.8653    
    829.0840    
    975.1754    
    1123.023    
    1092.514    
    1034.434    
    1007.815    
    931.0343    
    1096.412    
    1289.601    
    1123.816    

    139.3249    
    144.1635    
    146.5587    
    105.1443    
    46.98513    
    42.33971    
    66.49087    
    108.7736    
    118.9070    
    105.4805    
    99.94714    
    110.0746    
    134.4380    
    150.0538    
    152.5509    
    151.4887    
    161.0428    
    180.6269    
    219.0701    
    248.0253    
    254.9902    
    241.7876    
    243.3741    
    258.9799    
    341.6944    
    540.6339    
    781.3143    
    851.6698    
    620.2859    
    443.3257    
    481.8164    
    699.7359    
    925.5491    
    1044.683    
    1002.393    
    1069.519    
    1063.849    
    945.4493    
    896.6634    
    904.3726    
    1061.105    
    1161.035    
    1112.653    

    113.2752    
    138.9159    
    131.7650    
    89.50002    
    38.25061    
    33.85068    
    67.88670    
    111.3595    
    126.2354    
    125.3383    
    123.0771    
    121.0428    
    135.7396    
    152.4458    
    151.5863    
    149.9355    
    161.7019    
    182.8488    
    213.6377    
    250.3793    
    270.3565    
    256.5512    
    255.6523    
    276.6717    
    379.0343    
    594.4687    
    715.5793    
    647.2554    
    481.7738    
    439.9582    
    525.5212    
    755.4982    
    1001.604    
    1089.898    
    910.9196    
    877.9031    
    925.0340    
    820.0770    
    813.4120    
    910.1466    
    905.6308    
    837.9470    
    850.9188    

    77.66138    
    125.0559    
    107.5738    
    59.66323    
    29.17001    
    35.23592    
    75.32758    
    116.3184    
    123.0455    
    122.0934    
    121.2503    
    120.5186    
    126.1163    
    140.9097    
    157.7770    
    157.9574    
    161.9178    
    185.5437    
    207.0746    
    237.1049    
    245.3567    
    236.9351    
    248.7568    
    270.9330    
    323.7850    
    442.0168    
    522.3701    
    482.3567    
    426.6682    
    464.3011    
    626.9135    
    756.1259    
    860.5198    
    962.2724    
    812.6030    
    661.7851    
    622.6906    
    594.0466    
    666.5035    
    670.8000    
    614.2360    
    662.8177    
    811.6146    

    64.90547    
    113.7386    
    93.63947    
    49.23201    
    41.99784    
    45.45998    
    85.18579    
    120.8932    
    122.2466    
    121.6567    
    124.8622    
    125.3865    
    119.4989    
    126.6618    
    156.0478    
    166.8575    
    167.0265    
    174.4812    
    202.8109    
    216.3257    
    207.4277    
    230.2614    
    243.4679    
    250.6117    
    271.4290    
    335.6758    
    389.0860    
    392.6670    
    410.4989    
    488.7889    
    688.6873    
    907.3159    
    977.8482    
    981.4429    
    821.0751    
    573.9239    
    559.8525    
    574.3661    
    501.3717    
    559.5679    
    782.0584    
    964.5927    
    1124.729    

    51.48982    
    107.8292    
    93.03049    
    52.80540    
    47.51897    
    52.79691    
    93.21580    
    127.1604    
    126.3247    
    119.4657    
    133.2731    
    142.2464    
    132.3220    
    128.3744    
    136.9896    
    152.3421    
    154.5424    
    153.0507    
    185.5546    
    197.4847    
    186.0943    
    209.4297    
    234.8088    
    243.0107    
    257.8955    
    299.7028    
    334.4100    
    347.6987    
    414.5695    
    558.8264    
    739.0302    
    1042.942    
    1102.977    
    983.4295    
    780.7351    
    529.2765    
    575.1892    
    636.5653    
    766.1607    
    1041.333    
    1240.981    
    1211.545    
    1175.548    

    36.95919    
    95.34054    
    86.64260    
    50.65269    
    44.59021    
    53.19101    
    95.09415    
    135.1861    
    142.8057    
    129.5188    
    138.2803    
    153.2904    
    147.8261    
    146.1589    
    144.6458    
    138.6128    
    132.9928    
    154.4964    
    179.1074    
    181.1081    
    190.1391    
    203.8570    
    220.5944    
    236.6325    
    256.8966    
    288.1745    
    297.6016    
    323.2393    
    440.2169    
    658.1513    
    888.8986    
    1078.068    
    1051.132    
    792.7894    
    543.6338    
    526.2195    
    703.3618    
    897.4081    
    1153.480    
    1271.403    
    1197.409    
    1012.460    
    843.3480    

    46.67867    
    94.62976    
    83.43791    
    55.15556    
    56.24161    
    56.35100    
    90.67629    
    136.8328    
    144.6347    
    139.1939    
    146.6135    
    159.3347    
    167.6293    
    172.8506    
    170.6935    
    140.4784    
    130.6726    
    167.0785    
    185.1745    
    181.7086    
    201.5183    
    227.2110    
    229.6803    
    243.8744    
    284.5950    
    324.7599    
    347.7941    
    340.8002    
    367.8741    
    496.4784    
    680.9324    
    827.7205    
    794.9345    
    580.4846    
    490.8727    
    699.5775    
    1001.498    
    1176.295    
    1196.798    
    1132.751    
    952.5596    
    695.7586    
    546.3242    

    74.10397    
    105.4560    
    87.88905    
    55.55585    
    58.70188    
    57.09884    
    93.45300    
    135.5429    
    129.1106    
    135.6871    
    156.1798    
    164.8716    
    173.8875    
    174.1549    
    170.7848    
    142.1086    
    130.0468    
    153.0615    
    170.3745    
    179.5744    
    188.6268    
    220.1861    
    253.2605    
    300.6296    
    353.7720    
    382.8125    
    433.0237    
    460.2632    
    399.0561    
    317.0491    
    353.2140    
    483.5654    
    512.1531    
    486.4903    
    697.9515    
    1002.478    
    1123.441    
    1104.833    
    945.8847    
    839.4113    
    682.9377    
    495.0477    
    706.2905    

    90.36974    
    106.7834    
    93.21588    
    58.93810    
    58.46969    
    56.34365    
    94.77004    
    136.2707    
    129.6329    
    144.0721    
    163.2919    
    161.0483    
    159.0027    
    161.5496    
    159.3217    
    133.4460    
    135.1120    
    161.5389    
    163.3439    
    169.8886    
    198.2421    
    248.8867    
    344.0277    
    462.0335    
    528.5760    
    501.9263    
    472.9607    
    532.4097    
    593.1949    
    515.8784    
    399.1382    
    363.1027    
    391.1492    
    476.3048    
    776.4467    
    1051.224    
    994.2501    
    816.7499    
    595.8920    
    510.4721    
    611.2353    
    821.3444    
    1192.620    

    98.82338    
    115.5370    
    102.4864    
    67.79662    
    57.61024    
    55.63514    
    83.97247    
    124.7385    
    129.0341    
    146.1159    
    161.8353    
    156.7249    
    165.2448    
    171.7351    
    145.6979    
    116.8106    
    143.4350    
    186.5983    
    160.2617    
    159.7298    
    261.4765    
    381.3247    
    527.6229    
    647.6346    
    700.3617    
    628.4509    
    500.8370    
    538.3171    
    727.5721    
    809.2523    
    554.5322    
    316.0075    
    298.5957    
    337.2195    
    453.2944    
    613.7639    
    625.7572    
    491.0240    
    490.2471    
    753.2288    
    1096.350    
    1230.242    
    1266.782    

    100.9921    
    125.1449    
    110.6816    
    75.21724    
    56.72702    
    56.41443    
    78.88419    
    114.5876    
    124.3348    
    129.7087    
    137.5015    
    152.3100    
    164.8003    
    136.4406    
    124.5124    
    140.4066    
    142.6782    
    147.9753    
    144.9016    
    245.7339    
    358.9718    
    448.0341    
    615.7017    
    708.3389    
    701.8758    
    568.5823    
    468.6579    
    647.5699    
    879.1611    
    816.5590    
    479.8041    
    261.6022    
    247.0617    
    221.1754    
    192.8331    
    320.2003    
    418.0032    
    515.7897    
    874.6302    
    1116.269    
    1264.412    
    1244.756    
    971.2095    

    102.4710    
    123.2567    
    100.8417    
    68.45333    
    58.14133    
    57.05978    
    74.75552    
    108.5424    
    112.1627    
    92.78473    
    87.65906    
    104.0624    
    114.5683    
    107.6924    
    137.5174    
    166.6750    
    137.1547    
    126.1228    
    175.6450    
    357.2947    
    469.8945    
    468.4048    
    517.4807    
    521.8552    
    476.8974    
    394.4161    
    415.8918    
    717.5349    
    889.7142    
    575.2111    
    267.2519    
    205.7286    
    206.0709    
    201.4467    
    206.6041    
    299.7614    
    324.4131    
    544.9465    
    1046.845    
    1069.019    
    1088.562    
    1354.370    
    1185.547    

    107.3615    
    108.9830    
    82.58048    
    58.65714    
    58.04720    
    57.10590    
    61.96624    
    75.75011    
    80.21166    
    75.97912    
    88.91082    
    104.6300    
    118.1265    
    141.0016    
    146.6495    
    134.3131    
    111.1333    
    133.2679    
    214.0429    
    406.2236    
    573.4483    
    614.5883    
    567.1014    
    399.8838    
    299.5404    
    319.0419    
    426.5946    
    704.3104    
    702.6287    
    339.4473    
    175.8509    
    177.7307    
    178.9187    
    177.1313    
    215.3158    
    266.6716    
    314.5146    
    410.7086    
    627.1118    
    860.4503    
    1081.304    
    1344.858    
    1312.000    

    114.2675    
    92.97239    
    66.63290    
    62.94176    
    83.93393    
    71.98938    
    44.82804    
    53.24977    
    79.81805    
    109.1193    
    136.1953    
    150.3232    
    148.0524    
    144.0239    
    159.4245    
    219.1707    
    148.6885    
    182.4202    
    376.1480    
    520.2646    
    651.5873    
    719.7401    
    635.3632    
    381.6348    
    256.5742    
    336.0254    
    502.7773    
    655.3812    
    471.8223    
    193.2921    
    165.8200    
    183.4793    
    273.4985    
    299.8171    
    256.3596    
    307.2363    
    431.8694    
    395.3153    
    307.8086    
    542.1056    
    893.6409    
    1200.383    
    1070.553    

    109.0287    
    75.31149    
    58.16825    
    67.76991    
    95.08544    
    62.02865    
    14.34800    
    51.72428    
    104.5636    
    129.2916    
    136.4106    
    139.1414    
    117.0133    
    163.9610    
    341.0941    
    470.1924    
    238.4526    
    200.8611    
    517.1206    
    705.3928    
    748.1501    
    628.1827    
    440.0351    
    256.1935    
    219.7443    
    356.3544    
    507.7516    
    466.3177    
    259.8885    
    146.9496    
    161.8457    
    185.2074    
    513.5809    
    750.3073    
    685.5974    
    746.4302    
    755.8482    
    563.5979    
    354.0671    
    307.6671    
    562.7354    
    974.5223    
    795.8441    

    80.89570    
    61.68253    
    60.23445    
    61.95221    
    48.67256    
    13.43382    
    5.583056    
    48.55329    
    102.9635    
    122.1113    
    130.5092    
    183.4340    
    232.3522    
    238.9627    
    360.9635    
    429.8567    
    188.9921    
    152.8257    
    471.4434    
    670.4211    
    638.3882    
    436.3177    
    247.5579    
    213.8433    
    261.2990    
    324.4673    
    340.5593    
    257.0067    
    162.9612    
    133.7650    
    151.3762    
    168.8497    
    577.8961    
    1071.539    
    1165.048    
    1081.961    
    1094.559    
    891.6940    
    460.4008    
    304.4596    
    348.7278    
    509.7292    
    570.2380    

    52.62945    
    57.47380    
    54.43526    
    34.59040    
    6.085504    
    0.000000    
    10.93598    
    51.45235    
    103.7301    
    149.6615    
    188.9848    
    270.4755    
    391.8356    
    308.7469    
    177.6237    
    152.6046    
    86.49023    
    127.9964    
    296.8517    
    373.9793    
    329.6022    
    242.3648    
    160.1508    
    204.6092    
    277.3090    
    270.2959    
    218.1559    
    163.2854    
    147.3181    
    141.6938    
    171.4940    
    178.5578    
    324.2721    
    799.0712    
    1101.623    
    971.5148    
    1094.991    
    1118.297    
    668.6840    
    408.7125    
    335.6606    
    284.3705    
    459.2570    

    32.27446    
    56.03320    
    49.31766    
    12.46551    
    9.882090    
    40.92379    
    26.83377    
    50.30996    
    114.5331    
    173.0978    
    221.9976    
    297.5655    
    411.3060    
    336.1732    
    131.8939    
    49.46569    
    68.85365    
    107.5289    
    186.8598    
    241.7370    
    226.2159    
    226.1183    
    206.1085    
    194.4082    
    232.5937    
    247.6754    
    191.6004    
    126.5648    
    145.1726    
    185.1604    
    237.1532    
    249.8893    
    192.9005    
    374.2245    
    663.9496    
    822.5154    
    1033.936    
    1171.827    
    1039.618    
    831.8673    
    706.2700    
    518.4958    
    382.2416    

    30.89632    
    58.46730    
    60.02220    
    25.84185    
    10.81219    
    61.67457    
    40.41382    
    41.32183    
    104.0368    
    160.6413    
    233.1247    
    292.7715    
    334.1546    
    238.5343    
    94.48628    
    50.85337    
    83.88472    
    126.9578    
    215.8978    
    285.7831    
    271.5941    
    316.4963    
    289.0944    
    166.2296    
    137.1357    
    141.4403    
    98.77927    
    85.52921    
    139.3313    
    222.1681    
    282.8781    
    294.9677    
    258.3903    
    254.0262    
    344.2664    
    642.4062    
    1003.467    
    1204.740    
    1221.172    
    1186.656    
    1137.968    
    874.7728    
    566.1911    

    45.47966    
    59.92181    
    51.39111    
    22.88837    
    0.000000    
    33.79226    
    33.41618    
    24.83186    
    73.61933    
    159.7845    
    253.5209    
    253.8585    
    186.1041    
    95.29420    
    54.10372    
    66.48034    
    109.0558    
    138.6394    
    162.3448    
    216.9951    
    236.3372    
    247.6627    
    184.7440    
    81.18333    
    49.04464    
    36.62726    
    68.90249    
    129.6361    
    181.6437    
    230.1475    
    270.3226    
    293.3048    
    286.4405    
    301.8902    
    313.4048    
    589.2376    
    887.0220    
    1008.619    
    1063.636    
    1116.522    
    1181.205    
    1087.046    
    936.8671    

    52.33026    
    55.74353    
    24.45397    
    1.060066    
    2.558611    
    46.42888    
    36.86758    
    3.248671    
    43.49017    
    120.7548    
    174.2988    
    148.8083    
    84.43881    
    52.00540    
    66.97739    
    97.41928    
    124.6943    
    126.6059    
    125.7409    
    131.4040    
    146.5995    
    110.7185    
    44.40311    
    29.07842    
    26.96501    
    80.70073    
    191.8969    
    248.3362    
    255.3071    
    242.7653    
    245.6589    
    278.5825    
    286.7342    
    319.8123    
    360.8302    
    560.5931    
    797.9990    
    975.7953    
    1006.929    
    1109.843    
    1179.525    
    1051.405    
    999.9718    

    50.39139    
    55.06760    
    19.13201    
    0.000000    
    23.20744    
    45.17746    
    25.50759    
    16.44686    
    45.44826    
    78.17236    
    94.78754    
    79.32998    
    59.12725    
    60.60237    
    90.11185    
    122.7530    
    123.4089    
    124.2118    
    131.8694    
    130.1062    
    90.37885    
    62.60933    
    46.47381    
    25.45570    
    69.00880    
    171.4755    
    269.7558    
    294.2296    
    280.1002    
    257.1659    
    251.2062    
    282.0715    
    326.8471    
    353.4805    
    392.7851    
    605.1678    
    936.8888    
    1136.902    
    1046.274    
    1115.017    
    1254.214    
    1131.502    
    1047.111    

    53.03630    
    58.18920    
    22.69205    
    0.000000    
    16.67627    
    12.91384    
    12.03528    
    38.93563    
    58.96236    
    79.33932    
    90.86583    
    78.18172    
    60.88395    
    61.18478    
    89.70972    
    121.5426    
    128.5020    
    137.0856    
    143.8804    
    134.2667    
    75.76014    
    60.41071    
    56.69933    
    34.98357    
    108.8379    
    192.0786    
    262.6805    
    291.9104    
    272.5134    
    252.4895    
    262.2840    
    318.0226    
    358.4221    
    368.3057    
    418.2437    
    658.8967    
    888.2728    
    924.8587    
    1054.802    
    1206.016    
    1260.485    
    1167.729    
    1036.613    

    73.87322    
    75.45677    
    27.13969    
    0.000000    
    0.000000    
    0.000000    
    15.73963    
    44.91282    
    57.48165    
    75.54288    
    87.51176    
    74.86314    
    61.24850    
    58.83615    
    74.22805    
    109.3744    
    127.5577    
    130.9122    
    144.2482    
    127.6297    
    86.90517    
    55.61283    
    31.79036    
    38.64260    
    83.74519    
    159.2146    
    219.1353    
    252.7039    
    262.2196    
    247.4138    
    265.7468    
    334.2296    
    360.0623    
    360.5918    
    396.4268    
    614.4380    
    826.7723    
    808.6830    
    1060.202    
    1252.184    
    1288.078    
    1048.435    
    869.6425    

    92.58799    
    96.12492    
    29.75220    
    0.000000    
    2.558955    
    15.32964    
    38.26812    
    53.84929    
    58.12048    
    65.49672    
    74.12783    
    71.98691    
    63.82967    
    58.13560    
    78.04659    
    121.5313    
    128.5316    
    104.4819    
    104.1954    
    88.94025    
    95.10783    
    69.16833    
    20.97578    
    33.46198    
    51.70695    
    147.7840    
    217.8110    
    216.0286    
    241.0358    
    246.1599    
    270.9235    
    319.4901    
    339.9976    
    353.6038    
    344.6505    
    622.1730    
    913.1489    
    942.5789    
    1029.996    
    1095.129    
    1269.088    
    993.0239    
    887.4607    

    69.92471    
    86.12466    
    22.80098    
    0.000000    
    3.300414    
    31.60741    
    59.20051    
    61.34594    
    60.21476    
    61.28629    
    64.76843    
    67.44973    
    64.18172    
    56.91080    
    89.59754    
    134.7404    
    114.5625    
    71.97482    
    76.66834    
    88.91076    
    113.3158    
    99.98961    
    40.74610    
    30.82523    
    43.69981    
    156.6697    
    257.9989    
    217.7281    
    218.1619    
    264.7517    
    284.0885    
    312.8394    
    318.6826    
    326.9188    
    358.3279    
    501.8470    
    720.9792    
    997.5482    
    1029.700    
    975.2549    
    1064.843    
    788.0673    
    935.9164    

    18.65261    
    31.47812    
    7.154918    
    0.000000    
    1.293309    
    13.46601    
    37.85686    
    56.48076    
    63.45744    
    62.47214    
    60.40019    
    60.30001    
    60.64059    
    57.56042    
    90.89072    
    105.1828    
    71.53297    
    74.07178    
    124.4245    
    145.7626    
    121.4437    
    125.3599    
    77.48201    
    24.22589    
    47.82057    
    133.7784    
    217.7974    
    206.8211    
    213.0350    
    292.6370    
    345.5732    
    349.6404    
    339.5894    
    363.4065    
    397.7219    
    415.3268    
    506.8154    
    710.6964    
    728.5452    
    693.1188    
    739.3921    
    747.0740    
    920.1880    

    14.94664    
    7.897974    
    13.40703    
    9.585000    
    0.000000    
    0.000000    
    13.98913    
    46.59761    
    70.43580    
    68.15485    
    60.18930    
    60.99199    
    61.00093    
    59.41313    
    74.57084    
    79.36897    
    81.68353    
    116.9151    
    175.4732    
    161.5044    
    102.8407    
    125.7638    
    88.69991    
    23.81539    
    72.74198    
    106.7066    
    143.1404    
    203.6595    
    215.3312    
    280.1971    
    382.3008    
    388.3916    
    385.0001    
    429.2946    
    495.8431    
    641.0089    
    606.2228    
    456.7066    
    430.9728    
    456.7051    
    499.4709    
    598.0858    
    685.9852    

    50.14697    
    43.67056    
    47.48624    
    29.72917    
    2.177147    
    0.000000    
    8.170136    
    41.50517    
    68.20752    
    65.82975    
    60.52628    
    60.45099    
    60.41289    
    59.90459    
    67.67245    
    97.24003    
    127.6466    
    147.2680    
    178.7983    
    127.9416    
    66.92340    
    77.97224    
    52.69941    
    25.56687    
    90.30108    
    126.0050    
    127.2126    
    202.7543    
    212.1931    
    248.3402    
    375.0305    
    419.9220    
    423.9481    
    498.9422    
    592.8713    
    836.8798    
    923.3945    
    741.1523    
    650.3577    
    600.7935    
    605.4805    
    710.2971    
    762.6704    

    68.28410    
    67.90586    
    64.94050    
    41.08989    
    6.299976    
    0.000000    
    7.889363    
    41.23848    
    62.46685    
    60.37033    
    60.60416    
    65.22305    
    65.39156    
    58.13110    
    78.78049    
    124.2070    
    152.5946    
    168.2805    
    158.8388    
    85.80281    
    36.05066    
    27.53655    
    26.49626    
    42.68701    
    102.2754    
    159.3724    
    152.6956    
    162.2552    
    190.7148    
    233.5250    
    346.3245    
    417.1368    
    413.9102    
    499.5369    
    533.5471    
    715.0914    
    1002.167    
    1051.224    
    1029.988    
    925.7722    
    908.5630    
    1027.174    
    1148.906    

    98.53549    
    85.51537    
    53.57007    
    27.15850    
   0.7511003    
    0.000000    
    7.633797    
    42.60128    
    62.68475    
    60.57907    
    59.76627    
    72.36884    
    74.27134    
    58.40077    
    82.45335    
    132.1504    
    161.6277    
    163.4800    
    113.1847    
    49.49014    
    37.95834    
    57.19365    
    69.98477    
    80.86987    
    127.8569    
    178.1903    
    180.1081    
    145.4426    
    162.1227    
    216.8695    
    286.9621    
    354.8318    
    374.4135    
    421.4146    
    464.3079    
    541.9504    
    678.3688    
    802.5602    
    879.8890    
    829.8497    
    906.3550    
    916.7460    
    1064.063    

    98.23629    
    79.17426    
    45.20441    
    11.97153    
    8.037215    
    19.64004    
    19.54004    
    38.95988    
    58.59155    
    61.06904    
    60.38500    
    66.09404    
    66.38636    
    58.10409    
    78.55083    
    122.6710    
    145.0088    
    128.0934    
    74.50812    
    40.37099    
    59.46391    
    108.3680    
    128.5632    
    119.2604    
    142.5528    
    175.0735    
    185.6878    
    179.0702    
    172.5628    
    192.5903    
    256.9474    
    328.1416    
    366.6731    
    406.3305    
    470.5974    
    580.1185    
    645.2993    
    645.3984    
    636.1354    
    602.0526    
    658.6796    
    725.8551    
    873.9434    

    86.40369    
    64.45018    
    41.50045    
    11.35457    
    45.48384    
    86.69781    
    59.88939    
    43.87597    
    57.90828    
    61.28955    
    60.66292    
    66.21278    
    76.32562    
    68.48709    
    64.06719    
    101.4080    
    128.3233    
    105.3927    
    60.17051    
    47.03061    
    83.81317    
    133.5725    
    154.0344    
    142.7553    
    138.8189    
    158.7749    
    180.8141    
    212.6740    
    243.6806    
    263.3226    
    298.7040    
    332.9392    
    360.0444    
    407.2433    
    484.9769    
    715.0034    
    956.3847    
    974.5817    
    912.2462    
    873.3925    
    880.0250    
    920.6432    
    1016.973    

    105.2702    
    77.16771    
    31.54096    
    18.01265    
    85.80606    
    130.8898    
    89.68874    
    54.33765    
    61.03422    
    60.61051    
    61.42963    
    86.97690    
    114.6952    
    88.23853    
    57.02071    
    92.43121    
    128.6682    
    95.25213    
    45.99653    
    55.52347    
    109.2415    
    137.7421    
    146.7197    
    142.6236    
    124.1868    
    155.7882    
    202.9983    
    278.8838    
    316.8744    
    329.7012    
    373.5974    
    407.5172    
    453.9866    
    457.9165    
    484.7686    
    729.7869    
    1021.050    
    1023.481    
    947.2338    
    1035.123    
    1165.261    
    1069.383    
    1006.525    

    117.8710    
    96.62010    
    32.10278    
    17.54150    
    83.85098    
    117.3476    
    100.7324    
    70.32876    
    59.76400    
    59.29028    
    72.31296    
    108.0940    
    126.7307    
    97.94374    
    69.74744    
    98.04835    
    128.2519    
    86.65958    
    38.10563    
    61.64552    
    92.56670    
    79.14376    
    84.10313    
    106.7409    
    113.5308    
    175.2826    
    226.7613    
    279.8852    
    317.2673    
    353.4993    
    514.5455    
    658.7365    
    669.0724    
    614.2777    
    519.4313    
    547.3970    
    677.6127    
    626.1978    
    577.8916    
    773.3745    
    1007.541    
    858.6291    
    931.1331    

    124.5887    
    105.2723    
    39.20278    
    2.611831    
    36.85012    
    72.58192    
    82.20486    
    70.77545    
    59.89158    
    57.95040    
    84.56988    
    119.1905    
    121.3563    
    108.2936    
    95.04649    
    108.2461    
    125.7709    
    94.89320    
    49.15902    
    45.59654    
    45.84713    
    51.72834    
    72.10117    
    107.8415    
    130.7729    
    188.3589    
    235.3828    
    240.9267    
    309.2153    
    413.0579    
    661.8044    
    823.8495    
    766.2794    
    759.6277    
    705.7264    
    543.8740    
    426.1094    
    465.4054    
    600.5341    
    681.8839    
    753.5634    
    793.6106    
    1047.014    

