    48.90715       -122.3333    
    48.90730       -122.3151    
    48.90746       -122.2968    
    48.90761       -122.2786    
    48.90775       -122.2603    
    48.90790       -122.2421    
    48.90804       -122.2239    
    48.90818       -122.2056    
    48.90831       -122.1874    
    48.90844       -122.1692    
    48.90858       -122.1509    
    48.90870       -122.1327    
    48.90882       -122.1144    
    48.90894       -122.0962    
    48.90907       -122.0779    
    48.90918       -122.0597    
    48.90929       -122.0415    
    48.90940       -122.0232    
    48.90951       -122.0050    
    48.90961       -121.9867    
    48.90971       -121.9685    
    48.90981       -121.9503    
    48.90991       -121.9320    
    48.91000       -121.9138    
    48.91008       -121.8955    
    48.91018       -121.8773    
    48.91026       -121.8590    
    48.91034       -121.8408    
    48.91042       -121.8226    
    48.91049       -121.8043    
    48.91056       -121.7861    
    48.91063       -121.7678    
    48.91071       -121.7496    
    48.91077       -121.7314    
    48.91083       -121.7131    
    48.91089       -121.6949    
    48.91095       -121.6766    
    48.91100       -121.6584    
    48.91105       -121.6401    
    48.91109       -121.6219    
    48.91114       -121.6036    
    48.91118       -121.5854    
    48.91121       -121.5672    
    48.91125       -121.5489    
    48.91128       -121.5307    

    48.91914       -122.3336    
    48.91930       -122.3153    
    48.91945       -122.2971    
    48.91960       -122.2788    
    48.91975       -122.2606    
    48.91989       -122.2423    
    48.92003       -122.2241    
    48.92017       -122.2058    
    48.92030       -122.1876    
    48.92043       -122.1693    
    48.92057       -122.1511    
    48.92070       -122.1328    
    48.92082       -122.1146    
    48.92094       -122.0964    
    48.92106       -122.0781    
    48.92117       -122.0599    
    48.92128       -122.0416    
    48.92139       -122.0234    
    48.92150       -122.0051    
    48.92160       -121.9869    
    48.92170       -121.9687    
    48.92181       -121.9504    
    48.92190       -121.9322    
    48.92199       -121.9139    
    48.92208       -121.8957    
    48.92217       -121.8774    
    48.92225       -121.8592    
    48.92233       -121.8409    
    48.92241       -121.8227    
    48.92249       -121.8044    
    48.92256       -121.7862    
    48.92263       -121.7679    
    48.92270       -121.7497    
    48.92276       -121.7314    
    48.92282       -121.7132    
    48.92288       -121.6949    
    48.92294       -121.6767    
    48.92299       -121.6584    
    48.92304       -121.6402    
    48.92309       -121.6219    
    48.92313       -121.6037    
    48.92317       -121.5854    
    48.92321       -121.5672    
    48.92325       -121.5490    
    48.92328       -121.5307    

    48.93113       -122.3338    
    48.93129       -122.3156    
    48.93144       -122.2973    
    48.93158       -122.2791    
    48.93173       -122.2608    
    48.93188       -122.2426    
    48.93202       -122.2243    
    48.93216       -122.2061    
    48.93229       -122.1878    
    48.93243       -122.1696    
    48.93256       -122.1513    
    48.93268       -122.1331    
    48.93281       -122.1148    
    48.93293       -122.0966    
    48.93304       -122.0783    
    48.93316       -122.0601    
    48.93327       -122.0418    
    48.93338       -122.0236    
    48.93349       -122.0053    
    48.93359       -121.9871    
    48.93369       -121.9688    
    48.93379       -121.9505    
    48.93389       -121.9323    
    48.93398       -121.9140    
    48.93407       -121.8958    
    48.93416       -121.8775    
    48.93424       -121.8593    
    48.93432       -121.8410    
    48.93440       -121.8228    
    48.93447       -121.8045    
    48.93455       -121.7863    
    48.93462       -121.7680    
    48.93468       -121.7498    
    48.93475       -121.7315    
    48.93481       -121.7133    
    48.93487       -121.6950    
    48.93493       -121.6768    
    48.93498       -121.6585    
    48.93502       -121.6403    
    48.93508       -121.6220    
    48.93512       -121.6038    
    48.93516       -121.5855    
    48.93520       -121.5673    
    48.93523       -121.5490    
    48.93527       -121.5308    

    48.94313       -122.3340    
    48.94328       -122.3158    
    48.94343       -122.2975    
    48.94358       -122.2793    
    48.94373       -122.2610    
    48.94387       -122.2428    
    48.94401       -122.2245    
    48.94415       -122.2062    
    48.94429       -122.1880    
    48.94442       -122.1697    
    48.94455       -122.1515    
    48.94468       -122.1332    
    48.94480       -122.1150    
    48.94492       -122.0967    
    48.94504       -122.0785    
    48.94515       -122.0602    
    48.94527       -122.0420    
    48.94538       -122.0237    
    48.94548       -122.0055    
    48.94559       -121.9872    
    48.94569       -121.9690    
    48.94579       -121.9507    
    48.94588       -121.9324    
    48.94598       -121.9142    
    48.94606       -121.8959    
    48.94616       -121.8777    
    48.94624       -121.8594    
    48.94631       -121.8412    
    48.94640       -121.8229    
    48.94647       -121.8047    
    48.94654       -121.7864    
    48.94661       -121.7681    
    48.94668       -121.7499    
    48.94675       -121.7316    
    48.94680       -121.7134    
    48.94686       -121.6951    
    48.94692       -121.6768    
    48.94697       -121.6586    
    48.94702       -121.6404    
    48.94707       -121.6221    
    48.94711       -121.6039    
    48.94715       -121.5856    
    48.94719       -121.5673    
    48.94723       -121.5491    
    48.94726       -121.5308    

    48.95511       -122.3343    
    48.95527       -122.3160    
    48.95542       -122.2978    
    48.95557       -122.2795    
    48.95571       -122.2612    
    48.95586       -122.2430    
    48.95600       -122.2247    
    48.95614       -122.2065    
    48.95627       -122.1882    
    48.95641       -122.1700    
    48.95654       -122.1517    
    48.95666       -122.1334    
    48.95679       -122.1152    
    48.95691       -122.0969    
    48.95702       -122.0786    
    48.95714       -122.0604    
    48.95725       -122.0421    
    48.95736       -122.0239    
    48.95747       -122.0056    
    48.95758       -121.9874    
    48.95768       -121.9691    
    48.95778       -121.9508    
    48.95787       -121.9326    
    48.95796       -121.9143    
    48.95805       -121.8961    
    48.95814       -121.8778    
    48.95822       -121.8596    
    48.95831       -121.8413    
    48.95838       -121.8230    
    48.95846       -121.8048    
    48.95853       -121.7865    
    48.95860       -121.7682    
    48.95867       -121.7500    
    48.95873       -121.7317    
    48.95879       -121.7135    
    48.95885       -121.6952    
    48.95891       -121.6769    
    48.95896       -121.6587    
    48.95901       -121.6404    
    48.95906       -121.6222    
    48.95910       -121.6039    
    48.95914       -121.5856    
    48.95918       -121.5674    
    48.95922       -121.5491    
    48.95925       -121.5309    

    48.96710       -122.3345    
    48.96726       -122.3163    
    48.96741       -122.2980    
    48.96756       -122.2797    
    48.96771       -122.2614    
    48.96785       -122.2432    
    48.96799       -122.2249    
    48.96813       -122.2067    
    48.96827       -122.1884    
    48.96840       -122.1701    
    48.96853       -122.1519    
    48.96866       -122.1336    
    48.96878       -122.1154    
    48.96890       -122.0971    
    48.96902       -122.0788    
    48.96914       -122.0606    
    48.96925       -122.0423    
    48.96936       -122.0240    
    48.96947       -122.0058    
    48.96957       -121.9875    
    48.96967       -121.9692    
    48.96977       -121.9510    
    48.96986       -121.9327    
    48.96996       -121.9145    
    48.97005       -121.8962    
    48.97013       -121.8779    
    48.97022       -121.8597    
    48.97030       -121.8414    
    48.97038       -121.8232    
    48.97046       -121.8049    
    48.97053       -121.7866    
    48.97060       -121.7683    
    48.97066       -121.7501    
    48.97072       -121.7318    
    48.97079       -121.7136    
    48.97084       -121.6953    
    48.97090       -121.6770    
    48.97095       -121.6588    
    48.97100       -121.6405    
    48.97105       -121.6222    
    48.97110       -121.6040    
    48.97114       -121.5857    
    48.97118       -121.5674    
    48.97121       -121.5492    
    48.97124       -121.5309    

    48.97910       -122.3347    
    48.97925       -122.3165    
    48.97940       -122.2982    
    48.97955       -122.2799    
    48.97969       -122.2617    
    48.97984       -122.2434    
    48.97998       -122.2252    
    48.98012       -122.2069    
    48.98025       -122.1886    
    48.98039       -122.1703    
    48.98052       -122.1521    
    48.98064       -122.1338    
    48.98077       -122.1155    
    48.98089       -122.0973    
    48.98101       -122.0790    
    48.98112       -122.0607    
    48.98124       -122.0425    
    48.98135       -122.0242    
    48.98145       -122.0060    
    48.98156       -121.9877    
    48.98166       -121.9694    
    48.98175       -121.9511    
    48.98185       -121.9329    
    48.98194       -121.9146    
    48.98203       -121.8963    
    48.98212       -121.8781    
    48.98221       -121.8598    
    48.98229       -121.8415    
    48.98236       -121.8233    
    48.98244       -121.8050    
    48.98251       -121.7867    
    48.98258       -121.7685    
    48.98265       -121.7502    
    48.98271       -121.7319    
    48.98278       -121.7137    
    48.98283       -121.6954    
    48.98289       -121.6771    
    48.98294       -121.6588    
    48.98299       -121.6406    
    48.98304       -121.6223    
    48.98308       -121.6040    
    48.98313       -121.5858    
    48.98316       -121.5675    
    48.98320       -121.5492    
    48.98323       -121.5310    

    48.99109       -122.3350    
    48.99124       -122.3167    
    48.99139       -122.2984    
    48.99154       -122.2802    
    48.99169       -122.2619    
    48.99183       -122.2436    
    48.99197       -122.2254    
    48.99211       -122.2071    
    48.99225       -122.1888    
    48.99238       -122.1705    
    48.99251       -122.1523    
    48.99264       -122.1340    
    48.99276       -122.1157    
    48.99289       -122.0975    
    48.99300       -122.0792    
    48.99311       -122.0609    
    48.99323       -122.0426    
    48.99334       -122.0244    
    48.99345       -122.0061    
    48.99355       -121.9878    
    48.99365       -121.9695    
    48.99375       -121.9513    
    48.99385       -121.9330    
    48.99394       -121.9147    
    48.99403       -121.8965    
    48.99411       -121.8782    
    48.99420       -121.8599    
    48.99428       -121.8416    
    48.99436       -121.8234    
    48.99443       -121.8051    
    48.99451       -121.7868    
    48.99458       -121.7686    
    48.99464       -121.7503    
    48.99471       -121.7320    
    48.99477       -121.7137    
    48.99483       -121.6955    
    48.99488       -121.6772    
    48.99494       -121.6589    
    48.99498       -121.6407    
    48.99503       -121.6224    
    48.99508       -121.6041    
    48.99512       -121.5858    
    48.99516       -121.5676    
    48.99519       -121.5493    
    48.99523       -121.5310    

    49.00307       -122.3352    
    49.00322       -122.3170    
    49.00338       -122.2987    
    49.00353       -122.2804    
    49.00367       -122.2621    
    49.00382       -122.2438    
    49.00396       -122.2256    
    49.00410       -122.2073    
    49.00423       -122.1890    
    49.00436       -122.1707    
    49.00449       -122.1525    
    49.00462       -122.1342    
    49.00475       -122.1159    
    49.00487       -122.0977    
    49.00499       -122.0794    
    49.00510       -122.0611    
    49.00522       -122.0428    
    49.00532       -122.0245    
    49.00543       -122.0063    
    49.00554       -121.9880    
    49.00563       -121.9697    
    49.00573       -121.9514    
    49.00583       -121.9332    
    49.00592       -121.9149    
    49.00601       -121.8966    
    49.00610       -121.8783    
    49.00618       -121.8600    
    49.00626       -121.8418    
    49.00635       -121.8235    
    49.00642       -121.8052    
    49.00649       -121.7869    
    49.00656       -121.7687    
    49.00663       -121.7504    
    49.00669       -121.7321    
    49.00675       -121.7138    
    49.00681       -121.6956    
    49.00687       -121.6773    
    49.00692       -121.6590    
    49.00697       -121.6407    
    49.00702       -121.6224    
    49.00706       -121.6042    
    49.00710       -121.5859    
    49.00714       -121.5676    
    49.00718       -121.5493    
    49.00721       -121.5311    

    49.01506       -122.3354    
    49.01522       -122.3172    
    49.01537       -122.2989    
    49.01553       -122.2806    
    49.01567       -122.2623    
    49.01582       -122.2440    
    49.01596       -122.2258    
    49.01609       -122.2075    
    49.01623       -122.1892    
    49.01636       -122.1710    
    49.01649       -122.1527    
    49.01662       -122.1344    
    49.01674       -122.1161    
    49.01687       -122.0978    
    49.01698       -122.0796    
    49.01710       -122.0612    
    49.01721       -122.0430    
    49.01732       -122.0247    
    49.01743       -122.0064    
    49.01753       -121.9881    
    49.01763       -121.9698    
    49.01773       -121.9516    
    49.01783       -121.9333    
    49.01792       -121.9150    
    49.01801       -121.8967    
    49.01810       -121.8784    
    49.01818       -121.8602    
    49.01826       -121.8419    
    49.01834       -121.8236    
    49.01842       -121.8053    
    49.01849       -121.7870    
    49.01856       -121.7688    
    49.01863       -121.7505    
    49.01869       -121.7322    
    49.01875       -121.7139    
    49.01881       -121.6956    
    49.01887       -121.6774    
    49.01892       -121.6591    
    49.01897       -121.6408    
    49.01902       -121.6225    
    49.01906       -121.6042    
    49.01910       -121.5859    
    49.01914       -121.5677    
    49.01918       -121.5494    
    49.01920       -121.5311    

    49.02705       -122.3357    
    49.02721       -122.3174    
    49.02736       -122.2991    
    49.02751       -122.2809    
    49.02765       -122.2626    
    49.02780       -122.2443    
    49.02794       -122.2260    
    49.02808       -122.2077    
    49.02821       -122.1894    
    49.02835       -122.1711    
    49.02848       -122.1529    
    49.02860       -122.1346    
    49.02873       -122.1163    
    49.02885       -122.0980    
    49.02897       -122.0797    
    49.02908       -122.0614    
    49.02919       -122.0432    
    49.02930       -122.0249    
    49.02941       -122.0066    
    49.02951       -121.9883    
    49.02962       -121.9700    
    49.02971       -121.9517    
    49.02981       -121.9334    
    49.02991       -121.9152    
    49.02999       -121.8969    
    49.03008       -121.8786    
    49.03016       -121.8603    
    49.03025       -121.8420    
    49.03033       -121.8237    
    49.03040       -121.8055    
    49.03048       -121.7872    
    49.03054       -121.7689    
    49.03061       -121.7506    
    49.03067       -121.7323    
    49.03074       -121.7140    
    49.03080       -121.6957    
    49.03085       -121.6774    
    49.03090       -121.6591    
    49.03096       -121.6409    
    49.03100       -121.6226    
    49.03104       -121.6043    
    49.03109       -121.5860    
    49.03112       -121.5677    
    49.03116       -121.5494    
    49.03119       -121.5312    

    49.03904       -122.3359    
    49.03920       -122.3177    
    49.03935       -122.2994    
    49.03950       -122.2811    
    49.03965       -122.2628    
    49.03979       -122.2445    
    49.03993       -122.2262    
    49.04007       -122.2079    
    49.04021       -122.1896    
    49.04034       -122.1714    
    49.04047       -122.1530    
    49.04060       -122.1348    
    49.04073       -122.1165    
    49.04084       -122.0982    
    49.04097       -122.0799    
    49.04108       -122.0616    
    49.04119       -122.0433    
    49.04130       -122.0250    
    49.04141       -122.0067    
    49.04151       -121.9885    
    49.04161       -121.9702    
    49.04171       -121.9519    
    49.04181       -121.9336    
    49.04190       -121.9153    
    49.04199       -121.8970    
    49.04208       -121.8787    
    49.04216       -121.8604    
    49.04224       -121.8421    
    49.04232       -121.8239    
    49.04240       -121.8056    
    49.04247       -121.7873    
    49.04254       -121.7690    
    49.04261       -121.7507    
    49.04267       -121.7324    
    49.04274       -121.7141    
    49.04279       -121.6958    
    49.04285       -121.6775    
    49.04290       -121.6592    
    49.04295       -121.6409    
    49.04300       -121.6227    
    49.04304       -121.6044    
    49.04308       -121.5861    
    49.04312       -121.5678    
    49.04316       -121.5495    
    49.04319       -121.5312    

    49.05103       -122.3362    
    49.05119       -122.3179    
    49.05134       -122.2996    
    49.05149       -122.2813    
    49.05164       -122.2630    
    49.05178       -122.2447    
    49.05192       -122.2264    
    49.05206       -122.2081    
    49.05220       -122.1898    
    49.05233       -122.1715    
    49.05246       -122.1533    
    49.05259       -122.1349    
    49.05271       -122.1167    
    49.05283       -122.0984    
    49.05295       -122.0801    
    49.05306       -122.0618    
    49.05318       -122.0435    
    49.05329       -122.0252    
    49.05340       -122.0069    
    49.05350       -121.9886    
    49.05360       -121.9703    
    49.05370       -121.9520    
    49.05379       -121.9337    
    49.05389       -121.9154    
    49.05398       -121.8972    
    49.05407       -121.8788    
    49.05415       -121.8606    
    49.05423       -121.8423    
    49.05431       -121.8240    
    49.05438       -121.8057    
    49.05446       -121.7874    
    49.05453       -121.7691    
    49.05459       -121.7508    
    49.05466       -121.7325    
    49.05472       -121.7142    
    49.05478       -121.6959    
    49.05483       -121.6776    
    49.05489       -121.6593    
    49.05494       -121.6410    
    49.05498       -121.6227    
    49.05503       -121.6044    
    49.05507       -121.5861    
    49.05511       -121.5678    
    49.05514       -121.5495    
    49.05518       -121.5313    

    49.06302       -122.3364    
    49.06318       -122.3181    
    49.06334       -122.2998    
    49.06348       -122.2815    
    49.06363       -122.2632    
    49.06378       -122.2449    
    49.06392       -122.2266    
    49.06406       -122.2083    
    49.06419       -122.1900    
    49.06432       -122.1718    
    49.06445       -122.1534    
    49.06458       -122.1352    
    49.06470       -122.1169    
    49.06483       -122.0985    
    49.06495       -122.0803    
    49.06506       -122.0620    
    49.06517       -122.0437    
    49.06528       -122.0254    
    49.06539       -122.0071    
    49.06549       -121.9888    
    49.06560       -121.9705    
    49.06570       -121.9522    
    49.06579       -121.9339    
    49.06588       -121.9156    
    49.06597       -121.8973    
    49.06606       -121.8790    
    49.06614       -121.8607    
    49.06623       -121.8424    
    49.06630       -121.8241    
    49.06638       -121.8058    
    49.06645       -121.7875    
    49.06652       -121.7692    
    49.06659       -121.7509    
    49.06665       -121.7326    
    49.06672       -121.7143    
    49.06678       -121.6960    
    49.06683       -121.6777    
    49.06688       -121.6594    
    49.06693       -121.6411    
    49.06698       -121.6228    
    49.06702       -121.6045    
    49.06707       -121.5862    
    49.06710       -121.5679    
    49.06714       -121.5496    
    49.06717       -121.5313    

    49.07501       -122.3367    
    49.07516       -122.3184    
    49.07532       -122.3000    
    49.07547       -122.2818    
    49.07561       -122.2635    
    49.07576       -122.2451    
    49.07590       -122.2268    
    49.07604       -122.2086    
    49.07618       -122.1902    
    49.07631       -122.1719    
    49.07644       -122.1537    
    49.07656       -122.1353    
    49.07669       -122.1170    
    49.07681       -122.0987    
    49.07693       -122.0804    
    49.07705       -122.0621    
    49.07716       -122.0438    
    49.07727       -122.0255    
    49.07737       -122.0072    
    49.07748       -121.9889    
    49.07758       -121.9706    
    49.07768       -121.9523    
    49.07777       -121.9340    
    49.07787       -121.9157    
    49.07796       -121.8974    
    49.07804       -121.8791    
    49.07813       -121.8608    
    49.07821       -121.8425    
    49.07829       -121.8242    
    49.07836       -121.8059    
    49.07843       -121.7876    
    49.07851       -121.7693    
    49.07857       -121.7510    
    49.07864       -121.7327    
    49.07870       -121.7144    
    49.07876       -121.6961    
    49.07881       -121.6778    
    49.07887       -121.6595    
    49.07892       -121.6412    
    49.07896       -121.6229    
    49.07901       -121.6046    
    49.07905       -121.5862    
    49.07909       -121.5680    
    49.07912       -121.5497    
    49.07915       -121.5313    

    49.08700       -122.3369    
    49.08715       -122.3186    
    49.08731       -122.3003    
    49.08746       -122.2820    
    49.08761       -122.2637    
    49.08776       -122.2454    
    49.08790       -122.2271    
    49.08804       -122.2088    
    49.08817       -122.1905    
    49.08830       -122.1721    
    49.08843       -122.1538    
    49.08855       -122.1355    
    49.08868       -122.1172    
    49.08880       -122.0989    
    49.08892       -122.0806    
    49.08904       -122.0623    
    49.08915       -122.0440    
    49.08926       -122.0257    
    49.08937       -122.0074    
    49.08947       -121.9891    
    49.08957       -121.9708    
    49.08967       -121.9525    
    49.08977       -121.9342    
    49.08986       -121.9159    
    49.08995       -121.8976    
    49.09004       -121.8792    
    49.09012       -121.8609    
    49.09021       -121.8426    
    49.09028       -121.8243    
    49.09036       -121.8060    
    49.09043       -121.7877    
    49.09050       -121.7694    
    49.09057       -121.7511    
    49.09063       -121.7328    
    49.09070       -121.7145    
    49.09075       -121.6962    
    49.09081       -121.6779    
    49.09086       -121.6595    
    49.09091       -121.6412    
    49.09096       -121.6229    
    49.09100       -121.6046    
    49.09105       -121.5863    
    49.09108       -121.5680    
    49.09112       -121.5497    
    49.09115       -121.5314    

    49.09899       -122.3371    
    49.09914       -122.3188    
    49.09930       -122.3005    
    49.09945       -122.2822    
    49.09959       -122.2639    
    49.09974       -122.2456    
    49.09988       -122.2273    
    49.10002       -122.2090    
    49.10015       -122.1907    
    49.10029       -122.1724    
    49.10042       -122.1541    
    49.10054       -122.1357    
    49.10067       -122.1174    
    49.10079       -122.0991    
    49.10091       -122.0808    
    49.10102       -122.0625    
    49.10114       -122.0442    
    49.10125       -122.0258    
    49.10136       -122.0075    
    49.10146       -121.9892    
    49.10156       -121.9709    
    49.10166       -121.9526    
    49.10176       -121.9343    
    49.10184       -121.9160    
    49.10194       -121.8977    
    49.10203       -121.8794    
    49.10211       -121.8611    
    49.10219       -121.8427    
    49.10227       -121.8244    
    49.10234       -121.8061    
    49.10242       -121.7878    
    49.10249       -121.7695    
    49.10256       -121.7512    
    49.10262       -121.7329    
    49.10268       -121.7146    
    49.10274       -121.6963    
    49.10280       -121.6779    
    49.10285       -121.6596    
    49.10290       -121.6413    
    49.10295       -121.6230    
    49.10299       -121.6047    
    49.10303       -121.5864    
    49.10307       -121.5681    
    49.10311       -121.5497    
    49.10313       -121.5314    

    49.11098       -122.3374    
    49.11113       -122.3191    
    49.11129       -122.3008    
    49.11144       -122.2824    
    49.11158       -122.2641    
    49.11173       -122.2458    
    49.11187       -122.2275    
    49.11201       -122.2092    
    49.11214       -122.1909    
    49.11228       -122.1725    
    49.11241       -122.1542    
    49.11254       -122.1359    
    49.11266       -122.1176    
    49.11279       -122.0993    
    49.11290       -122.0810    
    49.11302       -122.0627    
    49.11313       -122.0443    
    49.11324       -122.0260    
    49.11335       -122.0077    
    49.11345       -121.9894    
    49.11356       -121.9711    
    49.11366       -121.9528    
    49.11375       -121.9344    
    49.11385       -121.9161    
    49.11393       -121.8978    
    49.11402       -121.8795    
    49.11411       -121.8612    
    49.11419       -121.8429    
    49.11426       -121.8246    
    49.11435       -121.8062    
    49.11441       -121.7879    
    49.11448       -121.7696    
    49.11455       -121.7513    
    49.11461       -121.7330    
    49.11468       -121.7147    
    49.11473       -121.6964    
    49.11479       -121.6780    
    49.11484       -121.6597    
    49.11489       -121.6414    
    49.11494       -121.6231    
    49.11499       -121.6048    
    49.11502       -121.5864    
    49.11506       -121.5681    
    49.11510       -121.5498    
    49.11513       -121.5315    

    49.12297       -122.3376    
    49.12312       -122.3193    
    49.12328       -122.3010    
    49.12343       -122.2827    
    49.12357       -122.2643    
    49.12372       -122.2460    
    49.12386       -122.2277    
    49.12400       -122.2094    
    49.12414       -122.1911    
    49.12427       -122.1728    
    49.12440       -122.1544    
    49.12452       -122.1361    
    49.12465       -122.1178    
    49.12477       -122.0995    
    49.12489       -122.0811    
    49.12500       -122.0628    
    49.12512       -122.0445    
    49.12523       -122.0262    
    49.12534       -122.0079    
    49.12544       -121.9896    
    49.12554       -121.9712    
    49.12564       -121.9529    
    49.12574       -121.9346    
    49.12583       -121.9163    
    49.12592       -121.8979    
    49.12601       -121.8796    
    49.12609       -121.8613    
    49.12617       -121.8430    
    49.12625       -121.8247    
    49.12633       -121.8064    
    49.12640       -121.7880    
    49.12647       -121.7697    
    49.12654       -121.7514    
    49.12660       -121.7331    
    49.12666       -121.7148    
    49.12672       -121.6964    
    49.12678       -121.6781    
    49.12683       -121.6598    
    49.12688       -121.6414    
    49.12693       -121.6231    
    49.12697       -121.6048    
    49.12701       -121.5865    
    49.12705       -121.5682    
    49.12709       -121.5499    
    49.12712       -121.5315    

    49.13496       -122.3379    
    49.13512       -122.3195    
    49.13527       -122.3012    
    49.13542       -122.2829    
    49.13557       -122.2646    
    49.13571       -122.2462    
    49.13586       -122.2279    
    49.13599       -122.2096    
    49.13613       -122.1913    
    49.13626       -122.1729    
    49.13639       -122.1546    
    49.13652       -122.1363    
    49.13665       -122.1180    
    49.13676       -122.0997    
    49.13688       -122.0813    
    49.13700       -122.0630    
    49.13711       -122.0447    
    49.13722       -122.0264    
    49.13733       -122.0080    
    49.13743       -121.9897    
    49.13754       -121.9714    
    49.13763       -121.9531    
    49.13773       -121.9348    
    49.13783       -121.9164    
    49.13791       -121.8981    
    49.13800       -121.8798    
    49.13808       -121.8615    
    49.13817       -121.8431    
    49.13824       -121.8248    
    49.13832       -121.8065    
    49.13840       -121.7881    
    49.13847       -121.7698    
    49.13853       -121.7515    
    49.13860       -121.7332    
    49.13865       -121.7148    
    49.13871       -121.6965    
    49.13877       -121.6782    
    49.13882       -121.6599    
    49.13887       -121.6415    
    49.13892       -121.6232    
    49.13897       -121.6049    
    49.13900       -121.5865    
    49.13905       -121.5682    
    49.13908       -121.5499    
    49.13911       -121.5316    

    49.14695       -122.3381    
    49.14710       -122.3198    
    49.14725       -122.3015    
    49.14740       -122.2831    
    49.14756       -122.2648    
    49.14770       -122.2465    
    49.14784       -122.2281    
    49.14798       -122.2098    
    49.14812       -122.1915    
    49.14825       -122.1732    
    49.14838       -122.1548    
    49.14851       -122.1365    
    49.14863       -122.1182    
    49.14875       -122.0999    
    49.14887       -122.0815    
    49.14899       -122.0632    
    49.14910       -122.0449    
    49.14921       -122.0265    
    49.14931       -122.0082    
    49.14942       -121.9899    
    49.14952       -121.9715    
    49.14962       -121.9532    
    49.14972       -121.9349    
    49.14981       -121.9166    
    49.14990       -121.8982    
    49.14999       -121.8799    
    49.15007       -121.8616    
    49.15015       -121.8432    
    49.15023       -121.8249    
    49.15031       -121.8066    
    49.15038       -121.7882    
    49.15045       -121.7699    
    49.15052       -121.7516    
    49.15059       -121.7332    
    49.15064       -121.7149    
    49.15070       -121.6966    
    49.15076       -121.6783    
    49.15081       -121.6599    
    49.15086       -121.6416    
    49.15091       -121.6233    
    49.15096       -121.6049    
    49.15099       -121.5866    
    49.15103       -121.5683    
    49.15107       -121.5500    
    49.15110       -121.5316    

    49.15894       -122.3383    
    49.15910       -122.3200    
    49.15925       -122.3017    
    49.15940       -122.2834    
    49.15955       -122.2650    
    49.15969       -122.2467    
    49.15984       -122.2284    
    49.15997       -122.2100    
    49.16011       -122.1917    
    49.16024       -122.1733    
    49.16037       -122.1550    
    49.16050       -122.1367    
    49.16062       -122.1183    
    49.16074       -122.1000    
    49.16086       -122.0817    
    49.16098       -122.0634    
    49.16109       -122.0450    
    49.16121       -122.0267    
    49.16131       -122.0084    
    49.16142       -121.9900    
    49.16152       -121.9717    
    49.16162       -121.9534    
    49.16171       -121.9350    
    49.16180       -121.9167    
    49.16190       -121.8983    
    49.16198       -121.8800    
    49.16206       -121.8617    
    49.16215       -121.8434    
    49.16223       -121.8250    
    49.16230       -121.8067    
    49.16238       -121.7884    
    49.16245       -121.7700    
    49.16251       -121.7517    
    49.16258       -121.7334    
    49.16264       -121.7150    
    49.16270       -121.6967    
    49.16275       -121.6783    
    49.16281       -121.6600    
    49.16285       -121.6417    
    49.16290       -121.6234    
    49.16295       -121.6050    
    49.16299       -121.5867    
    49.16302       -121.5684    
    49.16306       -121.5500    
    49.16309       -121.5317    

    49.17093       -122.3386    
    49.17108       -122.3203    
    49.17123       -122.3019    
    49.17139       -122.2836    
    49.17153       -122.2652    
    49.17168       -122.2469    
    49.17182       -122.2286    
    49.17196       -122.2102    
    49.17210       -122.1919    
    49.17223       -122.1736    
    49.17236       -122.1552    
    49.17248       -122.1369    
    49.17261       -122.1185    
    49.17273       -122.1002    
    49.17285       -122.0819    
    49.17297       -122.0635    
    49.17308       -122.0452    
    49.17319       -122.0269    
    49.17330       -122.0085    
    49.17340       -121.9902    
    49.17350       -121.9718    
    49.17360       -121.9535    
    49.17370       -121.9352    
    49.17379       -121.9168    
    49.17388       -121.8985    
    49.17397       -121.8802    
    49.17405       -121.8618    
    49.17413       -121.8435    
    49.17421       -121.8251    
    49.17429       -121.8068    
    49.17436       -121.7885    
    49.17443       -121.7701    
    49.17450       -121.7518    
    49.17456       -121.7335    
    49.17463       -121.7151    
    49.17469       -121.6968    
    49.17474       -121.6784    
    49.17479       -121.6601    
    49.17484       -121.6418    
    49.17489       -121.6234    
    49.17493       -121.6051    
    49.17498       -121.5867    
    49.17501       -121.5684    
    49.17505       -121.5501    
    49.17508       -121.5317    

    49.18292       -122.3388    
    49.18308       -122.3205    
    49.18323       -122.3022    
    49.18338       -122.2838    
    49.18353       -122.2655    
    49.18367       -122.2471    
    49.18382       -122.2288    
    49.18395       -122.2104    
    49.18409       -122.1921    
    49.18422       -122.1738    
    49.18435       -122.1554    
    49.18448       -122.1371    
    49.18460       -122.1187    
    49.18473       -122.1004    
    49.18484       -122.0821    
    49.18496       -122.0637    
    49.18507       -122.0454    
    49.18518       -122.0270    
    49.18529       -122.0087    
    49.18539       -121.9904    
    49.18550       -121.9720    
    49.18560       -121.9536    
    49.18569       -121.9353    
    49.18578       -121.9170    
    49.18587       -121.8986    
    49.18596       -121.8803    
    49.18605       -121.8619    
    49.18613       -121.8436    
    49.18620       -121.8253    
    49.18628       -121.8069    
    49.18636       -121.7886    
    49.18642       -121.7702    
    49.18649       -121.7519    
    49.18655       -121.7336    
    49.18662       -121.7152    
    49.18668       -121.6969    
    49.18673       -121.6785    
    49.18679       -121.6602    
    49.18684       -121.6418    
    49.18689       -121.6235    
    49.18693       -121.6052    
    49.18697       -121.5868    
    49.18701       -121.5685    
    49.18704       -121.5501    
    49.18708       -121.5318    

    49.19490       -122.3391    
    49.19506       -122.3207    
    49.19522       -122.3024    
    49.19537       -122.2840    
    49.19551       -122.2657    
    49.19566       -122.2473    
    49.19580       -122.2290    
    49.19593       -122.2107    
    49.19608       -122.1923    
    49.19621       -122.1740    
    49.19634       -122.1556    
    49.19646       -122.1373    
    49.19659       -122.1189    
    49.19671       -122.1006    
    49.19683       -122.0822    
    49.19695       -122.0639    
    49.19706       -122.0455    
    49.19717       -122.0272    
    49.19728       -122.0089    
    49.19738       -121.9905    
    49.19749       -121.9722    
    49.19758       -121.9538    
    49.19768       -121.9355    
    49.19777       -121.9171    
    49.19786       -121.8988    
    49.19795       -121.8804    
    49.19803       -121.8621    
    49.19811       -121.8437    
    49.19819       -121.8254    
    49.19827       -121.8070    
    49.19834       -121.7887    
    49.19841       -121.7704    
    49.19848       -121.7520    
    49.19854       -121.7336    
    49.19860       -121.7153    
    49.19867       -121.6970    
    49.19872       -121.6786    
    49.19877       -121.6602    
    49.19883       -121.6419    
    49.19887       -121.6236    
    49.19891       -121.6052    
    49.19896       -121.5869    
    49.19900       -121.5685    
    49.19903       -121.5502    
    49.19907       -121.5318    

    49.20690       -122.3393    
    49.20705       -122.3210    
    49.20721       -122.3026    
    49.20736       -122.2843    
    49.20751       -122.2659    
    49.20765       -122.2476    
    49.20779       -122.2292    
    49.20793       -122.2108    
    49.20807       -122.1925    
    49.20820       -122.1742    
    49.20833       -122.1558    
    49.20846       -122.1375    
    49.20858       -122.1191    
    49.20871       -122.1008    
    49.20882       -122.0824    
    49.20894       -122.0641    
    49.20905       -122.0457    
    49.20916       -122.0273    
    49.20927       -122.0090    
    49.20937       -121.9907    
    49.20948       -121.9723    
    49.20957       -121.9539    
    49.20967       -121.9356    
    49.20977       -121.9173    
    49.20985       -121.8989    
    49.20994       -121.8806    
    49.21003       -121.8622    
    49.21011       -121.8438    
    49.21019       -121.8255    
    49.21026       -121.8072    
    49.21034       -121.7888    
    49.21041       -121.7704    
    49.21048       -121.7521    
    49.21054       -121.7337    
    49.21060       -121.7154    
    49.21066       -121.6971    
    49.21072       -121.6787    
    49.21077       -121.6603    
    49.21082       -121.6420    
    49.21086       -121.6236    
    49.21091       -121.6053    
    49.21095       -121.5869    
    49.21099       -121.5686    
    49.21103       -121.5502    
    49.21106       -121.5319    

    49.21888       -122.3395    
    49.21904       -122.3212    
    49.21919       -122.3028    
    49.21934       -122.2845    
    49.21949       -122.2661    
    49.21963       -122.2478    
    49.21978       -122.2294    
    49.21991       -122.2111    
    49.22005       -122.1927    
    49.22018       -122.1743    
    49.22032       -122.1560    
    49.22044       -122.1377    
    49.22057       -122.1193    
    49.22069       -122.1010    
    49.22081       -122.0826    
    49.22092       -122.0642    
    49.22104       -122.0459    
    49.22115       -122.0275    
    49.22125       -122.0092    
    49.22136       -121.9908    
    49.22146       -121.9725    
    49.22156       -121.9541    
    49.22165       -121.9358    
    49.22175       -121.9174    
    49.22184       -121.8990    
    49.22193       -121.8807    
    49.22201       -121.8623    
    49.22209       -121.8440    
    49.22217       -121.8256    
    49.22224       -121.8073    
    49.22232       -121.7889    
    49.22239       -121.7705    
    49.22246       -121.7522    
    49.22252       -121.7338    
    49.22258       -121.7155    
    49.22264       -121.6971    
    49.22270       -121.6788    
    49.22275       -121.6604    
    49.22281       -121.6421    
    49.22285       -121.6237    
    49.22289       -121.6053    
    49.22293       -121.5870    
    49.22298       -121.5686    
    49.22301       -121.5503    
    49.22305       -121.5319    

    49.23088       -122.3398    
    49.23103       -122.3214    
    49.23119       -122.3031    
    49.23133       -122.2847    
    49.23148       -122.2664    
    49.23163       -122.2480    
    49.23177       -122.2296    
    49.23191       -122.2113    
    49.23205       -122.1929    
    49.23218       -122.1746    
    49.23231       -122.1562    
    49.23244       -122.1378    
    49.23256       -122.1195    
    49.23269       -122.1011    
    49.23280       -122.0828    
    49.23292       -122.0644    
    49.23303       -122.0461    
    49.23314       -122.0277    
    49.23325       -122.0093    
    49.23336       -121.9910    
    49.23346       -121.9726    
    49.23356       -121.9543    
    49.23365       -121.9359    
    49.23375       -121.9175    
    49.23383       -121.8992    
    49.23392       -121.8808    
    49.23401       -121.8625    
    49.23409       -121.8441    
    49.23417       -121.8257    
    49.23424       -121.8074    
    49.23431       -121.7890    
    49.23439       -121.7707    
    49.23445       -121.7523    
    49.23452       -121.7339    
    49.23458       -121.7156    
    49.23464       -121.6972    
    49.23470       -121.6789    
    49.23475       -121.6605    
    49.23479       -121.6421    
    49.23484       -121.6238    
    49.23489       -121.6054    
    49.23493       -121.5871    
    49.23497       -121.5687    
    49.23500       -121.5503    
    49.23504       -121.5320    

    49.24286       -122.3400    
    49.24302       -122.3217    
    49.24317       -122.3033    
    49.24332       -122.2849    
    49.24347       -122.2666    
    49.24361       -122.2482    
    49.24376       -122.2299    
    49.24389       -122.2115    
    49.24403       -122.1931    
    49.24416       -122.1748    
    49.24429       -122.1564    
    49.24442       -122.1380    
    49.24455       -122.1197    
    49.24467       -122.1013    
    49.24479       -122.0829    
    49.24490       -122.0646    
    49.24501       -122.0462    
    49.24513       -122.0279    
    49.24524       -122.0095    
    49.24534       -121.9911    
    49.24544       -121.9728    
    49.24554       -121.9544    
    49.24564       -121.9360    
    49.24573       -121.9177    
    49.24582       -121.8993    
    49.24590       -121.8810    
    49.24599       -121.8626    
    49.24607       -121.8442    
    49.24615       -121.8259    
    49.24623       -121.8075    
    49.24630       -121.7891    
    49.24637       -121.7708    
    49.24644       -121.7524    
    49.24650       -121.7340    
    49.24656       -121.7157    
    49.24662       -121.6973    
    49.24668       -121.6789    
    49.24673       -121.6606    
    49.24678       -121.6422    
    49.24683       -121.6238    
    49.24687       -121.6055    
    49.24691       -121.5871    
    49.24696       -121.5688    
    49.24699       -121.5504    
    49.24702       -121.5320    

    49.25486       -122.3403    
    49.25501       -122.3219    
    49.25516       -122.3035    
    49.25532       -122.2852    
    49.25546       -122.2668    
    49.25561       -122.2484    
    49.25575       -122.2301    
    49.25589       -122.2117    
    49.25602       -122.1933    
    49.25616       -122.1750    
    49.25629       -122.1566    
    49.25642       -122.1382    
    49.25654       -122.1199    
    49.25667       -122.1015    
    49.25678       -122.0831    
    49.25690       -122.0648    
    49.25701       -122.0464    
    49.25712       -122.0280    
    49.25723       -122.0096    
    49.25734       -121.9913    
    49.25743       -121.9729    
    49.25753       -121.9546    
    49.25763       -121.9362    
    49.25772       -121.9178    
    49.25782       -121.8994    
    49.25790       -121.8811    
    49.25799       -121.8627    
    49.25807       -121.8443    
    49.25815       -121.8260    
    49.25823       -121.8076    
    49.25830       -121.7892    
    49.25837       -121.7709    
    49.25843       -121.7525    
    49.25850       -121.7341    
    49.25856       -121.7158    
    49.25862       -121.6974    
    49.25868       -121.6790    
    49.25873       -121.6606    
    49.25878       -121.6423    
    49.25883       -121.6239    
    49.25887       -121.6055    
    49.25891       -121.5872    
    49.25895       -121.5688    
    49.25899       -121.5504    
    49.25902       -121.5321    

    49.26684       -122.3405    
    49.26699       -122.3221    
    49.26715       -122.3038    
    49.26730       -122.2854    
    49.26745       -122.2670    
    49.26759       -122.2487    
    49.26773       -122.2303    
    49.26787       -122.2119    
    49.26801       -122.1935    
    49.26814       -122.1752    
    49.26827       -122.1568    
    49.26840       -122.1384    
    49.26853       -122.1201    
    49.26865       -122.1017    
    49.26876       -122.0833    
    49.26889       -122.0649    
    49.26900       -122.0466    
    49.26911       -122.0282    
    49.26921       -122.0098    
    49.26932       -121.9915    
    49.26942       -121.9731    
    49.26952       -121.9547    
    49.26962       -121.9363    
    49.26971       -121.9180    
    49.26980       -121.8996    
    49.26989       -121.8812    
    49.26997       -121.8628    
    49.27005       -121.8445    
    49.27013       -121.8261    
    49.27021       -121.8077    
    49.27028       -121.7893    
    49.27035       -121.7710    
    49.27042       -121.7526    
    49.27048       -121.7342    
    49.27055       -121.7159    
    49.27060       -121.6975    
    49.27066       -121.6791    
    49.27071       -121.6607    
    49.27076       -121.6424    
    49.27081       -121.6240    
    49.27085       -121.6056    
    49.27090       -121.5872    
    49.27094       -121.5689    
    49.27097       -121.5505    
    49.27100       -121.5321    

    49.27884       -122.3408    
    49.27899       -122.3224    
    49.27914       -122.3040    
    49.27930       -122.2856    
    49.27944       -122.2672    
    49.27959       -122.2489    
    49.27973       -122.2305    
    49.27987       -122.2121    
    49.28001       -122.1938    
    49.28014       -122.1754    
    49.28027       -122.1570    
    49.28040       -122.1386    
    49.28052       -122.1202    
    49.28064       -122.1019    
    49.28077       -122.0835    
    49.28088       -122.0651    
    49.28099       -122.0467    
    49.28110       -122.0284    
    49.28121       -122.0100    
    49.28131       -121.9916    
    49.28142       -121.9732    
    49.28152       -121.9549    
    49.28161       -121.9365    
    49.28170       -121.9181    
    49.28180       -121.8997    
    49.28188       -121.8813    
    49.28197       -121.8630    
    49.28205       -121.8446    
    49.28213       -121.8262    
    49.28220       -121.8078    
    49.28228       -121.7895    
    49.28235       -121.7711    
    49.28242       -121.7527    
    49.28248       -121.7343    
    49.28254       -121.7159    
    49.28260       -121.6976    
    49.28266       -121.6792    
    49.28271       -121.6608    
    49.28276       -121.6424    
    49.28281       -121.6241    
    49.28285       -121.6057    
    49.28289       -121.5873    
    49.28293       -121.5689    
    49.28297       -121.5505    
    49.28300       -121.5322    

    49.29082       -122.3410    
    49.29097       -122.3226    
    49.29113       -122.3042    
    49.29128       -122.2859    
    49.29142       -122.2675    
    49.29157       -122.2491    
    49.29171       -122.2307    
    49.29185       -122.2123    
    49.29199       -122.1939    
    49.29212       -122.1756    
    49.29225       -122.1572    
    49.29238       -122.1388    
    49.29251       -122.1204    
    49.29263       -122.1021    
    49.29275       -122.0837    
    49.29286       -122.0653    
    49.29297       -122.0469    
    49.29309       -122.0285    
    49.29319       -122.0101    
    49.29330       -121.9918    
    49.29340       -121.9734    
    49.29350       -121.9550    
    49.29359       -121.9366    
    49.29369       -121.9182    
    49.29378       -121.8999    
    49.29387       -121.8815    
    49.29395       -121.8631    
    49.29403       -121.8447    
    49.29411       -121.8263    
    49.29419       -121.8080    
    49.29426       -121.7896    
    49.29433       -121.7712    
    49.29440       -121.7528    
    49.29446       -121.7344    
    49.29453       -121.7160    
    49.29459       -121.6977    
    49.29464       -121.6793    
    49.29469       -121.6609    
    49.29474       -121.6425    
    49.29479       -121.6241    
    49.29483       -121.6057    
    49.29488       -121.5874    
    49.29492       -121.5690    
    49.29495       -121.5506    
    49.29499       -121.5322    

    49.30281       -122.3412    
    49.30296       -122.3228    
    49.30312       -122.3045    
    49.30327       -122.2861    
    49.30342       -122.2677    
    49.30356       -122.2493    
    49.30371       -122.2309    
    49.30385       -122.2126    
    49.30398       -122.1942    
    49.30412       -122.1758    
    49.30424       -122.1574    
    49.30437       -122.1390    
    49.30450       -122.1206    
    49.30462       -122.1022    
    49.30474       -122.0839    
    49.30486       -122.0655    
    49.30497       -122.0471    
    49.30508       -122.0287    
    49.30519       -122.0103    
    49.30529       -121.9919    
    49.30539       -121.9735    
    49.30549       -121.9551    
    49.30559       -121.9368    
    49.30568       -121.9184    
    49.30577       -121.9000    
    49.30586       -121.8816    
    49.30594       -121.8632    
    49.30602       -121.8448    
    49.30611       -121.8264    
    49.30618       -121.8081    
    49.30626       -121.7897    
    49.30632       -121.7713    
    49.30639       -121.7529    
    49.30646       -121.7345    
    49.30652       -121.7161    
    49.30658       -121.6978    
    49.30663       -121.6794    
    49.30669       -121.6610    
    49.30674       -121.6426    
    49.30678       -121.6242    
    49.30683       -121.6058    
    49.30687       -121.5874    
    49.30691       -121.5690    
    49.30695       -121.5507    
    49.30698       -121.5323    

    49.31480       -122.3415    
    49.31495       -122.3231    
    49.31511       -122.3047    
    49.31526       -122.2863    
    49.31540       -122.2679    
    49.31555       -122.2495    
    49.31569       -122.2311    
    49.31583       -122.2128    
    49.31597       -122.1944    
    49.31610       -122.1760    
    49.31623       -122.1576    
    49.31636       -122.1392    
    49.31648       -122.1208    
    49.31661       -122.1024    
    49.31673       -122.0840    
    49.31684       -122.0656    
    49.31696       -122.0472    
    49.31707       -122.0289    
    49.31717       -122.0105    
    49.31728       -121.9921    
    49.31738       -121.9737    
    49.31748       -121.9553    
    49.31757       -121.9369    
    49.31767       -121.9185    
    49.31776       -121.9001    
    49.31785       -121.8817    
    49.31794       -121.8633    
    49.31801       -121.8450    
    49.31809       -121.8266    
    49.31817       -121.8082    
    49.31824       -121.7898    
    49.31831       -121.7714    
    49.31838       -121.7530    
    49.31844       -121.7346    
    49.31850       -121.7162    
    49.31857       -121.6978    
    49.31862       -121.6794    
    49.31867       -121.6610    
    49.31872       -121.6427    
    49.31877       -121.6243    
    49.31882       -121.6059    
    49.31886       -121.5875    
    49.31890       -121.5691    
    49.31893       -121.5507    
    49.31897       -121.5323    

    49.32679       -122.3417    
    49.32695       -122.3233    
    49.32710       -122.3049    
    49.32725       -122.2865    
    49.32740       -122.2682    
    49.32754       -122.2498    
    49.32768       -122.2314    
    49.32782       -122.2130    
    49.32796       -122.1946    
    49.32809       -122.1762    
    49.32822       -122.1578    
    49.32835       -122.1394    
    49.32848       -122.1210    
    49.32860       -122.1026    
    49.32872       -122.0842    
    49.32884       -122.0658    
    49.32895       -122.0474    
    49.32906       -122.0290    
    49.32916       -122.0106    
    49.32927       -121.9922    
    49.32937       -121.9738    
    49.32947       -121.9554    
    49.32957       -121.9370    
    49.32966       -121.9187    
    49.32975       -121.9003    
    49.32984       -121.8819    
    49.32992       -121.8635    
    49.33001       -121.8451    
    49.33008       -121.8267    
    49.33016       -121.8083    
    49.33023       -121.7899    
    49.33030       -121.7715    
    49.33037       -121.7531    
    49.33044       -121.7347    
    49.33050       -121.7163    
    49.33056       -121.6979    
    49.33061       -121.6795    
    49.33067       -121.6611    
    49.33072       -121.6427    
    49.33076       -121.6243    
    49.33081       -121.6059    
    49.33085       -121.5876    
    49.33089       -121.5692    
    49.33092       -121.5508    
    49.33096       -121.5323    

    49.33877       -122.3419    
    49.33893       -122.3236    
    49.33908       -122.3052    
    49.33923       -122.2868    
    49.33938       -122.2684    
    49.33953       -122.2500    
    49.33967       -122.2316    
    49.33981       -122.2132    
    49.33995       -122.1948    
    49.34008       -122.1764    
    49.34021       -122.1580    
    49.34034       -122.1396    
    49.34046       -122.1212    
    49.34058       -122.1028    
    49.34071       -122.0844    
    49.34082       -122.0660    
    49.34093       -122.0476    
    49.34104       -122.0292    
    49.34115       -122.0108    
    49.34126       -121.9924    
    49.34136       -121.9740    
    49.34146       -121.9556    
    49.34155       -121.9372    
    49.34165       -121.9188    
    49.34174       -121.9004    
    49.34183       -121.8820    
    49.34191       -121.8636    
    49.34199       -121.8452    
    49.34207       -121.8268    
    49.34215       -121.8084    
    49.34222       -121.7900    
    49.34229       -121.7716    
    49.34236       -121.7532    
    49.34242       -121.7348    
    49.34249       -121.7164    
    49.34254       -121.6980    
    49.34260       -121.6796    
    49.34265       -121.6612    
    49.34270       -121.6428    
    49.34275       -121.6244    
    49.34280       -121.6060    
    49.34283       -121.5876    
    49.34288       -121.5692    
    49.34291       -121.5508    
    49.34295       -121.5324    

    49.35077       -122.3422    
    49.35092       -122.3238    
    49.35107       -122.3054    
    49.35123       -122.2870    
    49.35137       -122.2686    
    49.35152       -122.2502    
    49.35167       -122.2318    
    49.35180       -122.2134    
    49.35194       -122.1950    
    49.35207       -122.1766    
    49.35220       -122.1582    
    49.35233       -122.1398    
    49.35246       -122.1214    
    49.35258       -122.1030    
    49.35270       -122.0846    
    49.35281       -122.0662    
    49.35292       -122.0478    
    49.35303       -122.0294    
    49.35315       -122.0110    
    49.35325       -121.9926    
    49.35335       -121.9742    
    49.35345       -121.9557    
    49.35355       -121.9373    
    49.35364       -121.9189    
    49.35373       -121.9005    
    49.35382       -121.8821    
    49.35390       -121.8637    
    49.35398       -121.8453    
    49.35406       -121.8269    
    49.35414       -121.8085    
    49.35421       -121.7901    
    49.35429       -121.7717    
    49.35435       -121.7533    
    49.35442       -121.7349    
    49.35448       -121.7165    
    49.35453       -121.6981    
    49.35459       -121.6797    
    49.35464       -121.6613    
    49.35469       -121.6429    
    49.35474       -121.6245    
    49.35479       -121.6061    
    49.35483       -121.5877    
    49.35487       -121.5693    
    49.35490       -121.5509    
    49.35494       -121.5324    

    49.36275       -122.3424    
    49.36291       -122.3240    
    49.36306       -122.3056    
    49.36321       -122.2872    
    49.36336       -122.2688    
    49.36350       -122.2504    
    49.36365       -122.2320    
    49.36379       -122.2136    
    49.36393       -122.1952    
    49.36406       -122.1768    
    49.36419       -122.1584    
    49.36432       -122.1400    
    49.36444       -122.1216    
    49.36456       -122.1031    
    49.36469       -122.0847    
    49.36480       -122.0663    
    49.36491       -122.0479    
    49.36502       -122.0295    
    49.36513       -122.0111    
    49.36523       -121.9927    
    49.36534       -121.9743    
    49.36544       -121.9559    
    49.36553       -121.9375    
    49.36563       -121.9191    
    49.36572       -121.9007    
    49.36580       -121.8823    
    49.36589       -121.8639    
    49.36597       -121.8455    
    49.36605       -121.8271    
    49.36612       -121.8086    
    49.36620       -121.7902    
    49.36627       -121.7718    
    49.36634       -121.7534    
    49.36641       -121.7350    
    49.36647       -121.7166    
    49.36652       -121.6982    
    49.36658       -121.6798    
    49.36663       -121.6614    
    49.36668       -121.6429    
    49.36673       -121.6245    
    49.36678       -121.6061    
    49.36682       -121.5877    
    49.36686       -121.5693    
    49.36689       -121.5509    
    49.36693       -121.5325    

