    45.77938       -124.0359    
    45.78307       -123.8814    
    45.78655       -123.7269    
    45.78980       -123.5724    
    45.79284       -123.4178    
    45.79567       -123.2632    
    45.79827       -123.1086    
    45.80066       -122.9540    
    45.80283       -122.7994    
    45.80478       -122.6447    
    45.80652       -122.4901    
    45.80804       -122.3354    
    45.80935       -122.1808    
    45.81042       -122.0261    
    45.81129       -121.8714    
    45.81194       -121.7167    
    45.81238       -121.5620    
    45.81260       -121.4073    
    45.81260       -121.2527    
    45.81238       -121.0980    
    45.81194       -120.9433    
    45.81129       -120.7886    
    45.81042       -120.6339    
    45.80935       -120.4792    
    45.80804       -120.3246    
    45.80652       -120.1699    
    45.80478       -120.0153    
    45.80283       -119.8606    
    45.80066       -119.7060    
    45.79827       -119.5514    
    45.79567       -119.3968    
    45.79284       -119.2422    
    45.78980       -119.0876    
    45.78655       -118.9331    
    45.78307       -118.7786    
    45.77938       -118.6241    

    45.88714       -124.0414    
    45.89084       -123.8866    
    45.89431       -123.7318    
    45.89758       -123.5769    
    45.90062       -123.4220    
    45.90345       -123.2671    
    45.90606       -123.1122    
    45.90845       -122.9573    
    45.91063       -122.8023    
    45.91259       -122.6474    
    45.91433       -122.4924    
    45.91585       -122.3375    
    45.91716       -122.1825    
    45.91824       -122.0275    
    45.91912       -121.8725    
    45.91977       -121.7175    
    45.92020       -121.5625    
    45.92042       -121.4075    
    45.92042       -121.2525    
    45.92020       -121.0975    
    45.91977       -120.9425    
    45.91912       -120.7875    
    45.91824       -120.6325    
    45.91716       -120.4775    
    45.91585       -120.3225    
    45.91433       -120.1676    
    45.91259       -120.0126    
    45.91063       -119.8577    
    45.90845       -119.7027    
    45.90606       -119.5478    
    45.90345       -119.3929    
    45.90062       -119.2380    
    45.89758       -119.0831    
    45.89431       -118.9283    
    45.89084       -118.7734    
    45.88714       -118.6186    

    45.99490       -124.0469    
    45.99860       -123.8918    
    46.00209       -123.7366    
    46.00536       -123.5814    
    46.00842       -123.4262    
    46.01125       -123.2710    
    46.01386       -123.1158    
    46.01626       -122.9606    
    46.01844       -122.8053    
    46.02040       -122.6501    
    46.02214       -122.4948    
    46.02367       -122.3395    
    46.02499       -122.1842    
    46.02607       -122.0289    
    46.02694       -121.8736    
    46.02760       -121.7183    
    46.02803       -121.5630    
    46.02825       -121.4077    
    46.02825       -121.2523    
    46.02803       -121.0970    
    46.02760       -120.9417    
    46.02694       -120.7864    
    46.02607       -120.6311    
    46.02499       -120.4758    
    46.02367       -120.3205    
    46.02214       -120.1652    
    46.02040       -120.0099    
    46.01844       -119.8547    
    46.01626       -119.6994    
    46.01386       -119.5442    
    46.01125       -119.3890    
    46.00842       -119.2338    
    46.00536       -119.0786    
    46.00209       -118.9234    
    45.99860       -118.7682    
    45.99490       -118.6131    

    46.10267       -124.0524    
    46.10639       -123.8969    
    46.10987       -123.7415    
    46.11315       -123.5860    
    46.11621       -123.4305    
    46.11905       -123.2750    
    46.12167       -123.1194    
    46.12408       -122.9639    
    46.12626       -122.8083    
    46.12823       -122.6527    
    46.12997       -122.4971    
    46.13150       -122.3416    
    46.13281       -122.1859    
    46.13390       -122.0303    
    46.13478       -121.8747    
    46.13544       -121.7191    
    46.13588       -121.5634    
    46.13609       -121.4078    
    46.13609       -121.2522    
    46.13588       -121.0966    
    46.13544       -120.9409    
    46.13478       -120.7853    
    46.13390       -120.6297    
    46.13281       -120.4741    
    46.13150       -120.3185    
    46.12997       -120.1629    
    46.12823       -120.0073    
    46.12626       -119.8517    
    46.12408       -119.6961    
    46.12167       -119.5406    
    46.11905       -119.3850    
    46.11621       -119.2295    
    46.11315       -119.0740    
    46.10987       -118.9185    
    46.10639       -118.7631    
    46.10267       -118.6076    

    46.21045       -124.0579    
    46.21418       -123.9022    
    46.21768       -123.7464    
    46.22096       -123.5906    
    46.22402       -123.4348    
    46.22687       -123.2789    
    46.22950       -123.1230    
    46.23190       -122.9672    
    46.23409       -122.8113    
    46.23606       -122.6554    
    46.23781       -122.4995    
    46.23934       -122.3436    
    46.24066       -122.1877    
    46.24176       -122.0317    
    46.24263       -121.8758    
    46.24329       -121.7198    
    46.24373       -121.5639    
    46.24394       -121.4080    
    46.24394       -121.2520    
    46.24373       -121.0961    
    46.24329       -120.9402    
    46.24263       -120.7842    
    46.24176       -120.6283    
    46.24066       -120.4723    
    46.23934       -120.3164    
    46.23781       -120.1605    
    46.23606       -120.0046    
    46.23409       -119.8487    
    46.23190       -119.6928    
    46.22950       -119.5370    
    46.22687       -119.3811    
    46.22402       -119.2253    
    46.22096       -119.0694    
    46.21768       -118.9136    
    46.21418       -118.7578    
    46.21045       -118.6021    

    46.31823       -124.0634    
    46.32196       -123.9074    
    46.32547       -123.7513    
    46.32876       -123.5952    
    46.33183       -123.4390    
    46.33468       -123.2829    
    46.33732       -123.1267    
    46.33973       -122.9705    
    46.34193       -122.8143    
    46.34390       -122.6581    
    46.34565       -122.5019    
    46.34719       -122.3456    
    46.34850       -122.1894    
    46.34961       -122.0332    
    46.35048       -121.8769    
    46.35114       -121.7206    
    46.35158       -121.5644    
    46.35180       -121.4081    
    46.35180       -121.2519    
    46.35158       -121.0956    
    46.35114       -120.9394    
    46.35048       -120.7831    
    46.34961       -120.6268    
    46.34850       -120.4706    
    46.34719       -120.3144    
    46.34565       -120.1581    
    46.34390       -120.0019    
    46.34193       -119.8457    
    46.33973       -119.6895    
    46.33732       -119.5333    
    46.33468       -119.3771    
    46.33183       -119.2210    
    46.32876       -119.0648    
    46.32547       -118.9087    
    46.32196       -118.7526    
    46.31823       -118.5966    

    46.42602       -124.0690    
    46.42976       -123.9126    
    46.43328       -123.7562    
    46.43657       -123.5998    
    46.43965       -123.4433    
    46.44251       -123.2869    
    46.44515       -123.1304    
    46.44756       -122.9738    
    46.44976       -122.8174    
    46.45174       -122.6608    
    46.45350       -122.5043    
    46.45504       -122.3477    
    46.45636       -122.1912    
    46.45746       -122.0346    
    46.45834       -121.8780    
    46.45900       -121.7215    
    46.45944       -121.5649    
    46.45966       -121.4083    
    46.45966       -121.2517    
    46.45944       -121.0951    
    46.45900       -120.9385    
    46.45834       -120.7820    
    46.45746       -120.6254    
    46.45636       -120.4688    
    46.45504       -120.3123    
    46.45350       -120.1557    
    46.45174       -119.9992    
    46.44976       -119.8427    
    46.44756       -119.6862    
    46.44515       -119.5296    
    46.44251       -119.3731    
    46.43965       -119.2167    
    46.43657       -119.0602    
    46.43328       -118.9038    
    46.42976       -118.7474    
    46.42602       -118.5910    

    46.53382       -124.0746    
    46.53757       -123.9179    
    46.54109       -123.7612    
    46.54439       -123.6044    
    46.54747       -123.4476    
    46.55034       -123.2908    
    46.55299       -123.1340    
    46.55540       -122.9772    
    46.55761       -122.8204    
    46.55960       -122.6635    
    46.56135       -122.5067    
    46.56290       -122.3498    
    46.56422       -122.1929    
    46.56532       -122.0360    
    46.56620       -121.8792    
    46.56686       -121.7223    
    46.56730       -121.5654    
    46.56752       -121.4084    
    46.56752       -121.2516    
    46.56730       -121.0946    
    46.56686       -120.9377    
    46.56620       -120.7809    
    46.56532       -120.6240    
    46.56422       -120.4671    
    46.56290       -120.3102    
    46.56135       -120.1533    
    46.55960       -119.9965    
    46.55761       -119.8396    
    46.55540       -119.6828    
    46.55299       -119.5260    
    46.55034       -119.3692    
    46.54747       -119.2124    
    46.54439       -119.0556    
    46.54109       -118.8988    
    46.53757       -118.7421    
    46.53382       -118.5854    

    46.64162       -124.0802    
    46.64537       -123.9232    
    46.64890       -123.7661    
    46.65222       -123.6091    
    46.65531       -123.4520    
    46.65818       -123.2949    
    46.66082       -123.1377    
    46.66325       -122.9806    
    46.66546       -122.8234    
    46.66745       -122.6663    
    46.66921       -122.5091    
    46.67076       -122.3519    
    46.67208       -122.1947    
    46.67318       -122.0375    
    46.67407       -121.8803    
    46.67474       -121.7231    
    46.67517       -121.5658    
    46.67539       -121.4086    
    46.67539       -121.2514    
    46.67517       -121.0942    
    46.67474       -120.9370    
    46.67407       -120.7797    
    46.67318       -120.6225    
    46.67208       -120.4653    
    46.67076       -120.3081    
    46.66921       -120.1509    
    46.66745       -119.9937    
    46.66546       -119.8366    
    46.66325       -119.6794    
    46.66082       -119.5223    
    46.65818       -119.3651    
    46.65531       -119.2080    
    46.65222       -119.0509    
    46.64890       -118.8939    
    46.64537       -118.7368    
    46.64162       -118.5798    

    46.74943       -124.0859    
    46.75319       -123.9285    
    46.75673       -123.7711    
    46.76004       -123.6137    
    46.76314       -123.4563    
    46.76602       -123.2989    
    46.76867       -123.1414    
    46.77111       -122.9840    
    46.77332       -122.8265    
    46.77531       -122.6690    
    46.77708       -122.5115    
    46.77863       -122.3540    
    46.77995       -122.1965    
    46.78106       -122.0389    
    46.78194       -121.8814    
    46.78261       -121.7238    
    46.78305       -121.5663    
    46.78327       -121.4088    
    46.78327       -121.2512    
    46.78305       -121.0937    
    46.78261       -120.9362    
    46.78194       -120.7786    
    46.78106       -120.6211    
    46.77995       -120.4635    
    46.77863       -120.3060    
    46.77708       -120.1485    
    46.77531       -119.9910    
    46.77332       -119.8335    
    46.77111       -119.6760    
    46.76867       -119.5186    
    46.76602       -119.3611    
    46.76314       -119.2037    
    46.76004       -119.0463    
    46.75673       -118.8889    
    46.75319       -118.7315    
    46.74943       -118.5741    

    46.85724       -124.0915    
    46.86100       -123.9338    
    46.86455       -123.7762    
    46.86787       -123.6184    
    46.87098       -123.4607    
    46.87386       -123.3029    
    46.87653       -123.1452    
    46.87896       -122.9874    
    46.88118       -122.8296    
    46.88317       -122.6718    
    46.88494       -122.5139    
    46.88650       -122.3561    
    46.88783       -122.1982    
    46.88894       -122.0404    
    46.88983       -121.8825    
    46.89049       -121.7247    
    46.89093       -121.5668    
    46.89115       -121.4089    
    46.89115       -121.2511    
    46.89093       -121.0932    
    46.89049       -120.9353    
    46.88983       -120.7775    
    46.88894       -120.6196    
    46.88783       -120.4618    
    46.88650       -120.3039    
    46.88494       -120.1461    
    46.88317       -119.9883    
    46.88118       -119.8304    
    46.87896       -119.6726    
    46.87653       -119.5148    
    46.87386       -119.3571    
    46.87098       -119.1993    
    46.86787       -119.0416    
    46.86455       -118.8839    
    46.86100       -118.7262    
    46.85724       -118.5685    

    46.96505       -124.0972    
    46.96883       -123.9392    
    46.97239       -123.7812    
    46.97572       -123.6231    
    46.97882       -123.4651    
    46.98171       -123.3070    
    46.98438       -123.1489    
    46.98682       -122.9908    
    46.98904       -122.8326    
    46.99104       -122.6745    
    46.99282       -122.5164    
    46.99438       -122.3582    
    46.99571       -122.2000    
    46.99682       -122.0419    
    46.99771       -121.8837    
    46.99838       -121.7255    
    46.99882       -121.5673    
    46.99904       -121.4091    
    46.99904       -121.2509    
    46.99882       -121.0927    
    46.99838       -120.9345    
    46.99771       -120.7763    
    46.99682       -120.6181    
    46.99571       -120.4600    
    46.99438       -120.3018    
    46.99282       -120.1436    
    46.99104       -119.9855    
    46.98904       -119.8274    
    46.98682       -119.6692    
    46.98438       -119.5111    
    46.98171       -119.3530    
    46.97882       -119.1949    
    46.97572       -119.0369    
    46.97239       -118.8788    
    46.96883       -118.7208    
    46.96505       -118.5628    

    47.07288       -124.1029    
    47.07666       -123.9446    
    47.08022       -123.7862    
    47.08356       -123.6279    
    47.08668       -123.4695    
    47.08957       -123.3111    
    47.09224       -123.1526    
    47.09469       -122.9942    
    47.09692       -122.8358    
    47.09892       -122.6773    
    47.10070       -122.5188    
    47.10226       -122.3603    
    47.10360       -122.2018    
    47.10471       -122.0433    
    47.10560       -121.8848    
    47.10627       -121.7263    
    47.10672       -121.5678    
    47.10694       -121.4093    
    47.10694       -121.2507    
    47.10672       -121.0922    
    47.10627       -120.9337    
    47.10560       -120.7752    
    47.10471       -120.6167    
    47.10360       -120.4582    
    47.10226       -120.2997    
    47.10070       -120.1412    
    47.09892       -119.9827    
    47.09692       -119.8242    
    47.09469       -119.6658    
    47.09224       -119.5074    
    47.08957       -119.3489    
    47.08668       -119.1905    
    47.08356       -119.0321    
    47.08022       -118.8738    
    47.07666       -118.7154    
    47.07288       -118.5571    

    47.18070       -124.1086    
    47.18450       -123.9500    
    47.18806       -123.7913    
    47.19141       -123.6326    
    47.19453       -123.4739    
    47.19743       -123.3152    
    47.20011       -123.1564    
    47.20256       -122.9977    
    47.20479       -122.8389    
    47.20680       -122.6801    
    47.20859       -122.5213    
    47.21015       -122.3625    
    47.21149       -122.2036    
    47.21260       -122.0448    
    47.21350       -121.8860    
    47.21416       -121.7271    
    47.21461       -121.5683    
    47.21483       -121.4094    
    47.21483       -121.2506    
    47.21461       -121.0917    
    47.21416       -120.9329    
    47.21350       -120.7740    
    47.21260       -120.6152    
    47.21149       -120.4564    
    47.21015       -120.2975    
    47.20859       -120.1387    
    47.20680       -119.9799    
    47.20479       -119.8211    
    47.20256       -119.6624    
    47.20011       -119.5036    
    47.19743       -119.3448    
    47.19453       -119.1861    
    47.19141       -119.0274    
    47.18806       -118.8687    
    47.18450       -118.7100    
    47.18070       -118.5514    

    47.28853       -124.1144    
    47.29233       -123.9554    
    47.29591       -123.7964    
    47.29926       -123.6374    
    47.30239       -123.4783    
    47.30530       -123.3193    
    47.30798       -123.1602    
    47.31044       -123.0011    
    47.31267       -122.8420    
    47.31468       -122.6829    
    47.31647       -122.5237    
    47.31804       -122.3646    
    47.31938       -122.2054    
    47.32050       -122.0463    
    47.32139       -121.8871    
    47.32206       -121.7279    
    47.32251       -121.5688    
    47.32273       -121.4096    
    47.32273       -121.2504    
    47.32251       -121.0912    
    47.32206       -120.9321    
    47.32139       -120.7729    
    47.32050       -120.6137    
    47.31938       -120.4546    
    47.31804       -120.2954    
    47.31647       -120.1363    
    47.31468       -119.9771    
    47.31267       -119.8180    
    47.31044       -119.6589    
    47.30798       -119.4998    
    47.30530       -119.3407    
    47.30239       -119.1817    
    47.29926       -119.0226    
    47.29591       -118.8636    
    47.29233       -118.7046    
    47.28853       -118.5456    

    47.39636       -124.1202    
    47.40017       -123.9608    
    47.40375       -123.8015    
    47.40711       -123.6422    
    47.41025       -123.4828    
    47.41316       -123.3234    
    47.41585       -123.1640    
    47.41831       -123.0046    
    47.42055       -122.8451    
    47.42257       -122.6857    
    47.42436       -122.5262    
    47.42593       -122.3667    
    47.42727       -122.2072    
    47.42839       -122.0478    
    47.42929       -121.8883    
    47.42996       -121.7288    
    47.43041       -121.5693    
    47.43064       -121.4098    
    47.43064       -121.2502    
    47.43041       -121.0907    
    47.42996       -120.9312    
    47.42929       -120.7717    
    47.42839       -120.6122    
    47.42727       -120.4528    
    47.42593       -120.2933    
    47.42436       -120.1338    
    47.42257       -119.9743    
    47.42055       -119.8149    
    47.41831       -119.6554    
    47.41585       -119.4960    
    47.41316       -119.3366    
    47.41025       -119.1772    
    47.40711       -119.0178    
    47.40375       -118.8585    
    47.40017       -118.6992    
    47.39636       -118.5398    

    47.50420       -124.1260    
    47.50801       -123.9663    
    47.51160       -123.8067    
    47.51497       -123.6470    
    47.51811       -123.4873    
    47.52103       -123.3275    
    47.52372       -123.1678    
    47.52619       -123.0081    
    47.52843       -122.8483    
    47.53046       -122.6885    
    47.53225       -122.5287    
    47.53382       -122.3689    
    47.53517       -122.2091    
    47.53629       -122.0493    
    47.53719       -121.8894    
    47.53787       -121.7296    
    47.53831       -121.5698    
    47.53854       -121.4099    
    47.53854       -121.2501    
    47.53831       -121.0902    
    47.53787       -120.9304    
    47.53719       -120.7706    
    47.53629       -120.6107    
    47.53517       -120.4509    
    47.53382       -120.2911    
    47.53225       -120.1313    
    47.53046       -119.9715    
    47.52843       -119.8117    
    47.52619       -119.6519    
    47.52372       -119.4922    
    47.52103       -119.3325    
    47.51811       -119.1727    
    47.51497       -119.0130    
    47.51160       -118.8533    
    47.50801       -118.6937    
    47.50420       -118.5340    

    47.61203       -124.1318    
    47.61585       -123.9718    
    47.61945       -123.8118    
    47.62283       -123.6518    
    47.62598       -123.4918    
    47.62889       -123.3317    
    47.63160       -123.1716    
    47.63408       -123.0116    
    47.63633       -122.8514    
    47.63835       -122.6913    
    47.64015       -122.5312    
    47.64172       -122.3711    
    47.64307       -122.2109    
    47.64420       -122.0508    
    47.64510       -121.8906    
    47.64577       -121.7304    
    47.64622       -121.5703    
    47.64645       -121.4101    
    47.64645       -121.2499    
    47.64622       -121.0898    
    47.64577       -120.9296    
    47.64510       -120.7694    
    47.64420       -120.6093    
    47.64307       -120.4491    
    47.64172       -120.2889    
    47.64015       -120.1288    
    47.63835       -119.9687    
    47.63633       -119.8086    
    47.63408       -119.6484    
    47.63160       -119.4884    
    47.62889       -119.3283    
    47.62598       -119.1682    
    47.62283       -119.0082    
    47.61945       -118.8482    
    47.61585       -118.6882    
    47.61203       -118.5282    

    47.71987       -124.1376    
    47.72370       -123.9773    
    47.72731       -123.8170    
    47.73069       -123.6566    
    47.73384       -123.4963    
    47.73677       -123.3359    
    47.73948       -123.1755    
    47.74196       -123.0151    
    47.74422       -122.8546    
    47.74624       -122.6942    
    47.74805       -122.5337    
    47.74963       -122.3732    
    47.75098       -122.2128    
    47.75211       -122.0523    
    47.75301       -121.8918    
    47.75368       -121.7313    
    47.75414       -121.5708    
    47.75436       -121.4102    
    47.75436       -121.2498    
    47.75414       -121.0892    
    47.75368       -120.9287    
    47.75301       -120.7682    
    47.75211       -120.6077    
    47.75098       -120.4472    
    47.74963       -120.2868    
    47.74805       -120.1263    
    47.74624       -119.9658    
    47.74422       -119.8054    
    47.74196       -119.6449    
    47.73948       -119.4845    
    47.73677       -119.3241    
    47.73384       -119.1637    
    47.73069       -119.0034    
    47.72731       -118.8430    
    47.72370       -118.6827    
    47.71987       -118.5224    

    47.82771       -124.1435    
    47.83155       -123.9829    
    47.83516       -123.8222    
    47.83855       -123.6615    
    47.84171       -123.5008    
    47.84465       -123.3401    
    47.84736       -123.1794    
    47.84985       -123.0186    
    47.85210       -122.8578    
    47.85414       -122.6970    
    47.85594       -122.5362    
    47.85752       -122.3754    
    47.85888       -122.2146    
    47.86002       -122.0538    
    47.86092       -121.8929    
    47.86160       -121.7321    
    47.86205       -121.5713    
    47.86227       -121.4104    
    47.86227       -121.2496    
    47.86205       -121.0887    
    47.86160       -120.9279    
    47.86092       -120.7671    
    47.86002       -120.6062    
    47.85888       -120.4454    
    47.85752       -120.2846    
    47.85594       -120.1238    
    47.85414       -119.9630    
    47.85210       -119.8022    
    47.84985       -119.6414    
    47.84736       -119.4807    
    47.84465       -119.3199    
    47.84171       -119.1592    
    47.83855       -118.9985    
    47.83516       -118.8378    
    47.83155       -118.6771    
    47.82771       -118.5165    

    47.93555       -124.1494    
    47.93940       -123.9884    
    47.94302       -123.8275    
    47.94641       -123.6664    
    47.94958       -123.5054    
    47.95253       -123.3443    
    47.95524       -123.1832    
    47.95773       -123.0221    
    47.96000       -122.8610    
    47.96204       -122.6999    
    47.96385       -122.5388    
    47.96543       -122.3776    
    47.96679       -122.2165    
    47.96792       -122.0553    
    47.96883       -121.8941    
    47.96951       -121.7329    
    47.96996       -121.5718    
    47.97019       -121.4106    
    47.97019       -121.2494    
    47.96996       -121.0882    
    47.96951       -120.9271    
    47.96883       -120.7659    
    47.96792       -120.6047    
    47.96679       -120.4435    
    47.96543       -120.2824    
    47.96385       -120.1212    
    47.96204       -119.9601    
    47.96000       -119.7990    
    47.95773       -119.6379    
    47.95524       -119.4768    
    47.95253       -119.3157    
    47.94958       -119.1546    
    47.94641       -118.9936    
    47.94302       -118.8326    
    47.93940       -118.6716    
    47.93555       -118.5106    

    48.04339       -124.1553    
    48.04725       -123.9940    
    48.05087       -123.8327    
    48.05428       -123.6713    
    48.05745       -123.5099    
    48.06040       -123.3485    
    48.06312       -123.1871    
    48.06562       -123.0257    
    48.06789       -122.8643    
    48.06993       -122.7028    
    48.07174       -122.5413    
    48.07333       -122.3798    
    48.07470       -122.2183    
    48.07583       -122.0568    
    48.07674       -121.8953    
    48.07742       -121.7338    
    48.07787       -121.5723    
    48.07810       -121.4108    
    48.07810       -121.2492    
    48.07787       -121.0877    
    48.07742       -120.9262    
    48.07674       -120.7647    
    48.07583       -120.6032    
    48.07470       -120.4417    
    48.07333       -120.2802    
    48.07174       -120.1187    
    48.06993       -119.9572    
    48.06789       -119.7957    
    48.06562       -119.6343    
    48.06312       -119.4729    
    48.06040       -119.3115    
    48.05745       -119.1501    
    48.05428       -118.9887    
    48.05087       -118.8273    
    48.04725       -118.6660    
    48.04339       -118.5047    

    48.15123       -124.1613    
    48.15509       -123.9996    
    48.15873       -123.8380    
    48.16214       -123.6763    
    48.16533       -123.5145    
    48.16828       -123.3528    
    48.17101       -123.1910    
    48.17351       -123.0293    
    48.17578       -122.8675    
    48.17783       -122.7057    
    48.17965       -122.5439    
    48.18124       -122.3820    
    48.18260       -122.2202    
    48.18374       -122.0583    
    48.18465       -121.8965    
    48.18533       -121.7346    
    48.18579       -121.5728    
    48.18602       -121.4109    
    48.18602       -121.2491    
    48.18579       -121.0872    
    48.18533       -120.9254    
    48.18465       -120.7635    
    48.18374       -120.6017    
    48.18260       -120.4398    
    48.18124       -120.2780    
    48.17965       -120.1161    
    48.17783       -119.9543    
    48.17578       -119.7925    
    48.17351       -119.6307    
    48.17101       -119.4690    
    48.16828       -119.3072    
    48.16533       -119.1455    
    48.16214       -118.9837    
    48.15873       -118.8221    
    48.15509       -118.6604    
    48.15123       -118.4987    

    48.25908       -124.1673    
    48.26295       -124.0053    
    48.26659       -123.8433    
    48.27000       -123.6812    
    48.27320       -123.5192    
    48.27616       -123.3571    
    48.27889       -123.1950    
    48.28140       -123.0329    
    48.28368       -122.8707    
    48.28573       -122.7086    
    48.28755       -122.5464    
    48.28915       -122.3842    
    48.29051       -122.2221    
    48.29165       -122.0599    
    48.29256       -121.8977    
    48.29325       -121.7355    
    48.29370       -121.5733    
    48.29393       -121.4111    
    48.29393       -121.2489    
    48.29370       -121.0867    
    48.29325       -120.9245    
    48.29256       -120.7623    
    48.29165       -120.6001    
    48.29051       -120.4379    
    48.28915       -120.2758    
    48.28755       -120.1136    
    48.28573       -119.9514    
    48.28368       -119.7893    
    48.28140       -119.6271    
    48.27889       -119.4650    
    48.27616       -119.3029    
    48.27320       -119.1408    
    48.27000       -118.9788    
    48.26659       -118.8167    
    48.26295       -118.6547    
    48.25908       -118.4927    

    48.36692       -124.1732    
    48.37080       -124.0109    
    48.37445       -123.8486    
    48.37787       -123.6862    
    48.38107       -123.5238    
    48.38403       -123.3614    
    48.38678       -123.1989    
    48.38929       -123.0365    
    48.39157       -122.8740    
    48.39362       -122.7115    
    48.39545       -122.5490    
    48.39705       -122.3865    
    48.39842       -122.2240    
    48.39956       -122.0614    
    48.40047       -121.8989    
    48.40116       -121.7364    
    48.40162       -121.5738    
    48.40184       -121.4113    
    48.40184       -121.2487    
    48.40162       -121.0862    
    48.40116       -120.9236    
    48.40047       -120.7611    
    48.39956       -120.5986    
    48.39842       -120.4360    
    48.39705       -120.2735    
    48.39545       -120.1110    
    48.39362       -119.9485    
    48.39157       -119.7860    
    48.38929       -119.6235    
    48.38678       -119.4611    
    48.38403       -119.2986    
    48.38107       -119.1362    
    48.37787       -118.9738    
    48.37445       -118.8114    
    48.37080       -118.6491    
    48.36692       -118.4868    

    48.47475       -124.1793    
    48.47865       -124.0166    
    48.48231       -123.8539    
    48.48574       -123.6912    
    48.48894       -123.5284    
    48.49191       -123.3657    
    48.49466       -123.2029    
    48.49717       -123.0401    
    48.49946       -122.8773    
    48.50152       -122.7144    
    48.50335       -122.5516    
    48.50496       -122.3887    
    48.50633       -122.2259    
    48.50747       -122.0630    
    48.50838       -121.9001    
    48.50907       -121.7372    
    48.50953       -121.5743    
    48.50976       -121.4114    
    48.50976       -121.2486    
    48.50953       -121.0857    
    48.50907       -120.9228    
    48.50838       -120.7599    
    48.50747       -120.5970    
    48.50633       -120.4341    
    48.50496       -120.2713    
    48.50335       -120.1084    
    48.50152       -119.9456    
    48.49946       -119.7827    
    48.49717       -119.6199    
    48.49466       -119.4571    
    48.49191       -119.2943    
    48.48894       -119.1316    
    48.48574       -118.9688    
    48.48231       -118.8061    
    48.47865       -118.6434    
    48.47475       -118.4807    

    48.58260       -124.1853    
    48.58649       -124.0223    
    48.59016       -123.8593    
    48.59360       -123.6962    
    48.59681       -123.5331    
    48.59978       -123.3700    
    48.60254       -123.2068    
    48.60506       -123.0437    
    48.60736       -122.8806    
    48.60942       -122.7174    
    48.61125       -122.5542    
    48.61285       -122.3910    
    48.61423       -122.2278    
    48.61538       -122.0645    
    48.61630       -121.9013    
    48.61699       -121.7381    
    48.61745       -121.5749    
    48.61767       -121.4116    
    48.61767       -121.2484    
    48.61745       -121.0851    
    48.61699       -120.9219    
    48.61630       -120.7587    
    48.61538       -120.5955    
    48.61423       -120.4323    
    48.61285       -120.2690    
    48.61125       -120.1058    
    48.60942       -119.9426    
    48.60736       -119.7794    
    48.60506       -119.6163    
    48.60254       -119.4532    
    48.59978       -119.2900    
    48.59681       -119.1269    
    48.59360       -118.9638    
    48.59016       -118.8008    
    48.58649       -118.6377    
    48.58260       -118.4747    

    48.69044       -124.1914    
    48.69434       -124.0280    
    48.69801       -123.8647    
    48.70146       -123.7012    
    48.70467       -123.5378    
    48.70766       -123.3743    
    48.71042       -123.2108    
    48.71294       -123.0474    
    48.71524       -122.8839    
    48.71731       -122.7203    
    48.71915       -122.5568    
    48.72076       -122.3932    
    48.72214       -122.2297    
    48.72329       -122.0661    
    48.72421       -121.9025    
    48.72489       -121.7390    
    48.72535       -121.5754    
    48.72558       -121.4118    
    48.72558       -121.2482    
    48.72535       -121.0846    
    48.72489       -120.9211    
    48.72421       -120.7575    
    48.72329       -120.5939    
    48.72214       -120.4303    
    48.72076       -120.2668    
    48.71915       -120.1032    
    48.71731       -119.9397    
    48.71524       -119.7762    
    48.71294       -119.6126    
    48.71042       -119.4492    
    48.70766       -119.2857    
    48.70467       -119.1222    
    48.70146       -118.9588    
    48.69801       -118.7953    
    48.69434       -118.6320    
    48.69044       -118.4686    

    48.79827       -124.1975    
    48.80218       -124.0338    
    48.80586       -123.8701    
    48.80932       -123.7063    
    48.81254       -123.5425    
    48.81553       -123.3787    
    48.81829       -123.2149    
    48.82083       -123.0510    
    48.82313       -122.8871    
    48.82520       -122.7233    
    48.82705       -122.5594    
    48.82866       -122.3955    
    48.83004       -122.2316    
    48.83119       -122.0677    
    48.83211       -121.9037    
    48.83280       -121.7398    
    48.83326       -121.5759    
    48.83349       -121.4120    
    48.83349       -121.2480    
    48.83326       -121.0841    
    48.83280       -120.9202    
    48.83211       -120.7563    
    48.83119       -120.5923    
    48.83004       -120.4284    
    48.82866       -120.2645    
    48.82705       -120.1006    
    48.82520       -119.9367    
    48.82313       -119.7729    
    48.82083       -119.6090    
    48.81829       -119.4451    
    48.81553       -119.2813    
    48.81254       -119.1175    
    48.80932       -118.9537    
    48.80586       -118.7899    
    48.80218       -118.6262    
    48.79827       -118.4625    

    48.90610       -124.2036    
    48.91003       -124.0396    
    48.91372       -123.8755    
    48.91718       -123.7114    
    48.92041       -123.5472    
    48.92340       -123.3831    
    48.92617       -123.2189    
    48.92871       -123.0547    
    48.93102       -122.8905    
    48.93310       -122.7263    
    48.93494       -122.5620    
    48.93656       -122.3978    
    48.93794       -122.2335    
    48.93909       -122.0693    
    48.94002       -121.9050    
    48.94071       -121.7407    
    48.94117       -121.5764    
    48.94140       -121.4121    
    48.94140       -121.2479    
    48.94117       -121.0836    
    48.94071       -120.9193    
    48.94002       -120.7550    
    48.93909       -120.5907    
    48.93794       -120.4265    
    48.93656       -120.2622    
    48.93494       -120.0980    
    48.93310       -119.9337    
    48.93102       -119.7695    
    48.92871       -119.6053    
    48.92617       -119.4411    
    48.92340       -119.2769    
    48.92041       -119.1128    
    48.91718       -118.9486    
    48.91372       -118.7845    
    48.91003       -118.6204    
    48.90610       -118.4564    

    49.01394       -124.2098    
    49.01786       -124.0454    
    49.02156       -123.8809    
    49.02503       -123.7165    
    49.02827       -123.5520    
    49.03127       -123.3875    
    49.03405       -123.2229    
    49.03659       -123.0584    
    49.03890       -122.8938    
    49.04098       -122.7292    
    49.04284       -122.5647    
    49.04445       -122.4001    
    49.04584       -122.2355    
    49.04700       -122.0708    
    49.04792       -121.9062    
    49.04861       -121.7416    
    49.04908       -121.5770    
    49.04931       -121.4123    
    49.04931       -121.2477    
    49.04908       -121.0830    
    49.04861       -120.9184    
    49.04792       -120.7538    
    49.04700       -120.5892    
    49.04584       -120.4245    
    49.04445       -120.2599    
    49.04284       -120.0953    
    49.04098       -119.9308    
    49.03890       -119.7662    
    49.03659       -119.6016    
    49.03405       -119.4371    
    49.03127       -119.2725    
    49.02827       -119.1080    
    49.02503       -118.9435    
    49.02156       -118.7791    
    49.01786       -118.6146    
    49.01394       -118.4502    

    49.12176       -124.2160    
    49.12570       -124.0512    
    49.12941       -123.8864    
    49.13288       -123.7216    
    49.13612       -123.5568    
    49.13914       -123.3919    
    49.14192       -123.2270    
    49.14446       -123.0621    
    49.14678       -122.8972    
    49.14886       -122.7323    
    49.15072       -122.5673    
    49.15234       -122.4024    
    49.15373       -122.2374    
    49.15490       -122.0724    
    49.15582       -121.9075    
    49.15651       -121.7425    
    49.15698       -121.5775    
    49.15721       -121.4125    
    49.15721       -121.2475    
    49.15698       -121.0825    
    49.15651       -120.9175    
    49.15582       -120.7525    
    49.15490       -120.5876    
    49.15373       -120.4226    
    49.15234       -120.2576    
    49.15072       -120.0927    
    49.14886       -119.9277    
    49.14678       -119.7628    
    49.14446       -119.5979    
    49.14192       -119.4330    
    49.13914       -119.2681    
    49.13612       -119.1032    
    49.13288       -118.9384    
    49.12941       -118.7736    
    49.12570       -118.6088    
    49.12176       -118.4440    

    49.22958       -124.2222    
    49.23353       -124.0571    
    49.23725       -123.8919    
    49.24073       -123.7267    
    49.24398       -123.5615    
    49.24700       -123.3963    
    49.24979       -123.2311    
    49.25234       -123.0658    
    49.25466       -122.9006    
    49.25675       -122.7353    
    49.25861       -122.5700    
    49.26023       -122.4047    
    49.26163       -122.2393    
    49.26279       -122.0740    
    49.26372       -121.9087    
    49.26441       -121.7433    
    49.26488       -121.5780    
    49.26511       -121.4127    
    49.26511       -121.2473    
    49.26488       -121.0820    
    49.26441       -120.9167    
    49.26372       -120.7513    
    49.26279       -120.5860    
    49.26163       -120.4207    
    49.26023       -120.2553    
    49.25861       -120.0900    
    49.25675       -119.9247    
    49.25466       -119.7594    
    49.25234       -119.5942    
    49.24979       -119.4289    
    49.24700       -119.2637    
    49.24398       -119.0985    
    49.24073       -118.9333    
    49.23725       -118.7681    
    49.23353       -118.6029    
    49.22958       -118.4378    

    49.33741       -124.2284    
    49.34136       -124.0629    
    49.34508       -123.8974    
    49.34858       -123.7319    
    49.35183       -123.5663    
    49.35485       -123.4008    
    49.35764       -123.2352    
    49.36020       -123.0696    
    49.36253       -122.9040    
    49.36463       -122.7383    
    49.36649       -122.5727    
    49.36811       -122.4070    
    49.36951       -122.2413    
    49.37067       -122.0757    
    49.37161       -121.9099    
    49.37231       -121.7443    
    49.37277       -121.5786    
    49.37300       -121.4128    
    49.37300       -121.2472    
    49.37277       -121.0815    
    49.37231       -120.9157    
    49.37161       -120.7501    
    49.37067       -120.5844    
    49.36951       -120.4187    
    49.36811       -120.2530    
    49.36649       -120.0873    
    49.36463       -119.9217    
    49.36253       -119.7560    
    49.36020       -119.5904    
    49.35764       -119.4248    
    49.35485       -119.2592    
    49.35183       -119.0937    
    49.34858       -118.9281    
    49.34508       -118.7626    
    49.34136       -118.5971    
    49.33741       -118.4316    

    49.44522       -124.2347    
    49.44919       -124.0688    
    49.45292       -123.9030    
    49.45641       -123.7371    
    49.45967       -123.5712    
    49.46270       -123.4052    
    49.46551       -123.2393    
    49.46807       -123.0733    
    49.47041       -122.9073    
    49.47250       -122.7414    
    49.47437       -122.5753    
    49.47600       -122.4093    
    49.47740       -122.2433    
    49.47857       -122.0772    
    49.47950       -121.9112    
    49.48020       -121.7451    
    49.48066       -121.5791    
    49.48089       -121.4130    
    49.48089       -121.2470    
    49.48066       -121.0809    
    49.48020       -120.9149    
    49.47950       -120.7488    
    49.47857       -120.5828    
    49.47740       -120.4167    
    49.47600       -120.2507    
    49.47437       -120.0847    
    49.47250       -119.9186    
    49.47041       -119.7527    
    49.46807       -119.5867    
    49.46551       -119.4207    
    49.46270       -119.2548    
    49.45967       -119.0888    
    49.45641       -118.9229    
    49.45292       -118.7570    
    49.44919       -118.5912    
    49.44522       -118.4253    

    49.55304       -124.2410    
    49.55701       -124.0748    
    49.56074       -123.9085    
    49.56425       -123.7423    
    49.56752       -123.5760    
    49.57056       -123.4098    
    49.57336       -123.2434    
    49.57593       -123.0771    
    49.57827       -122.9108    
    49.58038       -122.7444    
    49.58224       -122.5780    
    49.58388       -122.4117    
    49.58528       -122.2453    
    49.58645       -122.0789    
    49.58739       -121.9125    
    49.58809       -121.7461    
    49.58855       -121.5796    
    49.58879       -121.4132    
    49.58879       -121.2468    
    49.58855       -121.0804    
    49.58809       -120.9139    
    49.58739       -120.7475    
    49.58645       -120.5811    
    49.58528       -120.4147    
    49.58388       -120.2484    
    49.58224       -120.0820    
    49.58038       -119.9156    
    49.57827       -119.7492    
    49.57593       -119.5829    
    49.57336       -119.4166    
    49.57056       -119.2502    
    49.56752       -119.0840    
    49.56425       -118.9177    
    49.56074       -118.7515    
    49.55701       -118.5852    
    49.55304       -118.4190    

    49.66084       -124.2473    
    49.66482       -124.0807    
    49.66857       -123.9142    
    49.67208       -123.7475    
    49.67536       -123.5809    
    49.67840       -123.4142    
    49.68121       -123.2476    
    49.68379       -123.0809    
    49.68613       -122.9142    
    49.68824       -122.7475    
    49.69011       -122.5807    
    49.69175       -122.4140    
    49.69316       -122.2473    
    49.69433       -122.0805    
    49.69527       -121.9137    
    49.69597       -121.7469    
    49.69644       -121.5802    
    49.69667       -121.4134    
    49.69667       -121.2466    
    49.69644       -121.0798    
    49.69597       -120.9131    
    49.69527       -120.7463    
    49.69433       -120.5795    
    49.69316       -120.4128    
    49.69175       -120.2460    
    49.69011       -120.0793    
    49.68824       -119.9125    
    49.68613       -119.7458    
    49.68379       -119.5791    
    49.68121       -119.4124    
    49.67840       -119.2458    
    49.67536       -119.0791    
    49.67208       -118.9125    
    49.66857       -118.7458    
    49.66482       -118.5793    
    49.66084       -118.4127    

    49.76864       -124.2536    
    49.77263       -124.0867    
    49.77639       -123.9198    
    49.77990       -123.7528    
    49.78319       -123.5858    
    49.78624       -123.4188    
    49.78905       -123.2518    
    49.79164       -123.0847    
    49.79398       -122.9177    
    49.79610       -122.7506    
    49.79797       -122.5835    
    49.79962       -122.4164    
    49.80103       -122.2493    
    49.80220       -122.0821    
    49.80313       -121.9150    
    49.80384       -121.7479    
    49.80431       -121.5807    
    49.80455       -121.4136    
    49.80455       -121.2464    
    49.80431       -121.0793    
    49.80384       -120.9121    
    49.80313       -120.7450    
    49.80220       -120.5779    
    49.80103       -120.4107    
    49.79962       -120.2436    
    49.79797       -120.0765    
    49.79610       -119.9094    
    49.79398       -119.7423    
    49.79164       -119.5753    
    49.78905       -119.4082    
    49.78624       -119.2412    
    49.78319       -119.0742    
    49.77990       -118.9072    
    49.77639       -118.7402    
    49.77263       -118.5733    
    49.76864       -118.4064    

    49.87644       -124.2600    
    49.88044       -124.0927    
    49.88419       -123.9254    
    49.88772       -123.7581    
    49.89101       -123.5907    
    49.89407       -123.4233    
    49.89689       -123.2560    
    49.89948       -123.0885    
    49.90183       -122.9211    
    49.90395       -122.7537    
    49.90583       -122.5862    
    49.90748       -122.4187    
    49.90889       -122.2513    
    49.91006       -122.0838    
    49.91101       -121.9163    
    49.91171       -121.7488    
    49.91218       -121.5813    
    49.91242       -121.4138    
    49.91242       -121.2462    
    49.91218       -121.0787    
    49.91171       -120.9112    
    49.91101       -120.7437    
    49.91006       -120.5762    
    49.90889       -120.4088    
    49.90748       -120.2413    
    49.90583       -120.0738    
    49.90395       -119.9063    
    49.90183       -119.7389    
    49.89948       -119.5715    
    49.89689       -119.4041    
    49.89407       -119.2367    
    49.89101       -119.0693    
    49.88772       -118.9019    
    49.88419       -118.7346    
    49.88044       -118.5673    
    49.87644       -118.4000    

    49.98423       -124.2664    
    49.98823       -124.0988    
    49.99200       -123.9311    
    49.99554       -123.7634    
    49.99883       -123.5957    
    50.00190       -123.4279    
    50.00472       -123.2602    
    50.00732       -123.0924    
    50.00967       -122.9246    
    50.01180       -122.7568    
    50.01368       -122.5890    
    50.01533       -122.4211    
    50.01675       -122.2533    
    50.01793       -122.0854    
    50.01886       -121.9175    
    50.01958       -121.7497    
    50.02005       -121.5818    
    50.02028       -121.4139    
    50.02028       -121.2461    
    50.02005       -121.0782    
    50.01958       -120.9103    
    50.01886       -120.7425    
    50.01793       -120.5746    
    50.01675       -120.4067    
    50.01533       -120.2389    
    50.01368       -120.0710    
    50.01180       -119.9032    
    50.00967       -119.7354    
    50.00732       -119.5676    
    50.00472       -119.3998    
    50.00190       -119.2321    
    49.99883       -119.0643    
    49.99554       -118.8966    
    49.99200       -118.7289    
    49.98823       -118.5612    
    49.98423       -118.3936    

    50.09201       -124.2728    
    50.09602       -124.1048    
    50.09980       -123.9368    
    50.10334       -123.7687    
    50.10665       -123.6006    
    50.10972       -123.4325    
    50.11255       -123.2644    
    50.11515       -123.0963    
    50.11751       -122.9281    
    50.11964       -122.7599    
    50.12153       -122.5917    
    50.12318       -122.4235    
    50.12460       -122.2553    
    50.12578       -122.0871    
    50.12672       -121.9189    
    50.12743       -121.7506    
    50.12790       -121.5824    
    50.12814       -121.4141    
    50.12814       -121.2459    
    50.12790       -121.0776    
    50.12743       -120.9094    
    50.12672       -120.7411    
    50.12578       -120.5729    
    50.12460       -120.4047    
    50.12318       -120.2365    
    50.12153       -120.0683    
    50.11964       -119.9001    
    50.11751       -119.7319    
    50.11515       -119.5638    
    50.11255       -119.3956    
    50.10972       -119.2275    
    50.10665       -119.0594    
    50.10334       -118.8913    
    50.09980       -118.7232    
    50.09602       -118.5552    
    50.09201       -118.3872    

    50.19978       -124.2793    
    50.20381       -124.1109    
    50.20759       -123.9425    
    50.21114       -123.7740    
    50.21446       -123.6056    
    50.21753       -123.4371    
    50.22037       -123.2686    
    50.22298       -123.1001    
    50.22534       -122.9316    
    50.22747       -122.7630    
    50.22937       -122.5945    
    50.23102       -122.4259    
    50.23244       -122.2573    
    50.23363       -122.0887    
    50.23457       -121.9201    
    50.23528       -121.7515    
    50.23576       -121.5829    
    50.23600       -121.4143    
    50.23600       -121.2457    
    50.23576       -121.0771    
    50.23528       -120.9085    
    50.23457       -120.7399    
    50.23363       -120.5713    
    50.23244       -120.4027    
    50.23102       -120.2341    
    50.22937       -120.0655    
    50.22747       -119.8970    
    50.22534       -119.7284    
    50.22298       -119.5599    
    50.22037       -119.3914    
    50.21753       -119.2229    
    50.21446       -119.0544    
    50.21114       -118.8860    
    50.20759       -118.7175    
    50.20381       -118.5491    
    50.19978       -118.3807    

    50.30756       -124.2857    
    50.31158       -124.1170    
    50.31538       -123.9482    
    50.31894       -123.7794    
    50.32225       -123.6106    
    50.32534       -123.4418    
    50.32818       -123.2729    
    50.33079       -123.1040    
    50.33316       -122.9351    
    50.33530       -122.7662    
    50.33720       -122.5973    
    50.33886       -122.4283    
    50.34028       -122.2594    
    50.34147       -122.0904    
    50.34242       -121.9214    
    50.34313       -121.7524    
    50.34361       -121.5835    
    50.34384       -121.4145    
    50.34384       -121.2455    
    50.34361       -121.0765    
    50.34313       -120.9076    
    50.34242       -120.7386    
    50.34147       -120.5696    
    50.34028       -120.4006    
    50.33886       -120.2317    
    50.33720       -120.0627    
    50.33530       -119.8938    
    50.33316       -119.7249    
    50.33079       -119.5560    
    50.32818       -119.3871    
    50.32534       -119.2182    
    50.32225       -119.0494    
    50.31894       -118.8806    
    50.31538       -118.7118    
    50.31158       -118.5430    
    50.30756       -118.3743    

    50.41531       -124.2923    
    50.41935       -124.1231    
    50.42315       -123.9540    
    50.42672       -123.7848    
    50.43005       -123.6156    
    50.43314       -123.4464    
    50.43599       -123.2772    
    50.43861       -123.1079    
    50.44098       -122.9387    
    50.44312       -122.7693    
    50.44502       -122.6001    
    50.44668       -122.4307    
    50.44811       -122.2614    
    50.44930       -122.0921    
    50.45025       -121.9227    
    50.45096       -121.7534    
    50.45144       -121.5840    
    50.45168       -121.4147    
    50.45168       -121.2453    
    50.45144       -121.0760    
    50.45096       -120.9066    
    50.45025       -120.7373    
    50.44930       -120.5679    
    50.44811       -120.3986    
    50.44668       -120.2293    
    50.44502       -120.0599    
    50.44312       -119.8907    
    50.44098       -119.7213    
    50.43861       -119.5521    
    50.43599       -119.3828    
    50.43314       -119.2136    
    50.43005       -119.0444    
    50.42672       -118.8752    
    50.42315       -118.7060    
    50.41935       -118.5369    
    50.41531       -118.3677    

    50.52306       -124.2988    
    50.52711       -124.1293    
    50.53092       -123.9598    
    50.53450       -123.7903    
    50.53783       -123.6207    
    50.54092       -123.4511    
    50.54378       -123.2815    
    50.54640       -123.1118    
    50.54879       -122.9422    
    50.55093       -122.7725    
    50.55283       -122.6029    
    50.55450       -122.4332    
    50.55593       -122.2635    
    50.55713       -122.0938    
    50.55807       -121.9240    
    50.55879       -121.7543    
    50.55927       -121.5846    
    50.55951       -121.4149    
    50.55951       -121.2451    
    50.55927       -121.0754    
    50.55879       -120.9057    
    50.55807       -120.7360    
    50.55713       -120.5663    
    50.55593       -120.3965    
    50.55450       -120.2268    
    50.55283       -120.0571    
    50.55093       -119.8875    
    50.54879       -119.7178    
    50.54640       -119.5482    
    50.54378       -119.3785    
    50.54092       -119.2089    
    50.53783       -119.0393    
    50.53450       -118.8698    
    50.53092       -118.7002    
    50.52711       -118.5307    
    50.52306       -118.3612    

    50.63081       -124.3054    
    50.63486       -124.1355    
    50.63868       -123.9656    
    50.64226       -123.7957    
    50.64560       -123.6257    
    50.64870       -123.4558    
    50.65157       -123.2858    
    50.65420       -123.1158    
    50.65658       -122.9458    
    50.65873       -122.7757    
    50.66064       -122.6057    
    50.66231       -122.4356    
    50.66375       -122.2655    
    50.66494       -122.0955    
    50.66589       -121.9254    
    50.66661       -121.7552    
    50.66709       -121.5852    
    50.66733       -121.4151    
    50.66733       -121.2449    
    50.66709       -121.0748    
    50.66661       -120.9048    
    50.66589       -120.7346    
    50.66494       -120.5645    
    50.66375       -120.3945    
    50.66231       -120.2244    
    50.66064       -120.0543    
    50.65873       -119.8843    
    50.65658       -119.7142    
    50.65420       -119.5442    
    50.65157       -119.3742    
    50.64870       -119.2042    
    50.64560       -119.0343    
    50.64226       -118.8643    
    50.63868       -118.6944    
    50.63486       -118.5245    
    50.63081       -118.3546    

