    47.99290       -123.0771    
    47.99318       -123.0591    
    47.99345       -123.0412    
    47.99371       -123.0233    
    47.99397       -123.0054    
    47.99423       -122.9875    
    47.99449       -122.9696    
    47.99475       -122.9517    
    47.99500       -122.9337    
    47.99524       -122.9158    
    47.99549       -122.8979    
    47.99574       -122.8800    
    47.99598       -122.8621    
    47.99621       -122.8442    
    47.99645       -122.8263    
    47.99669       -122.8083    
    47.99691       -122.7904    
    47.99714       -122.7725    
    47.99736       -122.7546    
    47.99758       -122.7367    
    47.99780       -122.7188    
    47.99801       -122.7009    
    47.99823       -122.6830    
    47.99844       -122.6650    
    47.99864       -122.6471    
    47.99885       -122.6292    
    47.99905       -122.6113    
    47.99925       -122.5934    
    47.99945       -122.5754    
    47.99964       -122.5575    
    47.99982       -122.5396    
    48.00002       -122.5217    
    48.00020       -122.5038    
    48.00038       -122.4859    
    48.00056       -122.4679    
    48.00073       -122.4500    
    48.00091       -122.4321    
    48.00108       -122.4142    
    48.00125       -122.3963    
    48.00141       -122.3784    

    48.00489       -123.0775    
    48.00516       -123.0595    
    48.00542       -123.0416    
    48.00569       -123.0237    
    48.00595       -123.0058    
    48.00621       -122.9879    
    48.00647       -122.9700    
    48.00673       -122.9521    
    48.00698       -122.9341    
    48.00723       -122.9162    
    48.00747       -122.8983    
    48.00772       -122.8804    
    48.00796       -122.8625    
    48.00820       -122.8445    
    48.00843       -122.8266    
    48.00866       -122.8087    
    48.00889       -122.7908    
    48.00912       -122.7729    
    48.00934       -122.7549    
    48.00956       -122.7370    
    48.00978       -122.7191    
    48.01000       -122.7012    
    48.01021       -122.6833    
    48.01042       -122.6653    
    48.01062       -122.6474    
    48.01083       -122.6295    
    48.01103       -122.6116    
    48.01123       -122.5937    
    48.01143       -122.5757    
    48.01162       -122.5578    
    48.01181       -122.5399    
    48.01200       -122.5220    
    48.01218       -122.5041    
    48.01237       -122.4861    
    48.01255       -122.4682    
    48.01273       -122.4503    
    48.01289       -122.4324    
    48.01306       -122.4144    
    48.01323       -122.3965    
    48.01340       -122.3786    

    48.01688       -123.0779    
    48.01715       -123.0600    
    48.01742       -123.0420    
    48.01768       -123.0241    
    48.01795       -123.0062    
    48.01821       -122.9883    
    48.01847       -122.9703    
    48.01872       -122.9524    
    48.01897       -122.9345    
    48.01922       -122.9166    
    48.01947       -122.8987    
    48.01972       -122.8807    
    48.01995       -122.8628    
    48.02019       -122.8449    
    48.02043       -122.8270    
    48.02066       -122.8091    
    48.02089       -122.7911    
    48.02111       -122.7732    
    48.02134       -122.7553    
    48.02156       -122.7373    
    48.02178       -122.7194    
    48.02200       -122.7015    
    48.02221       -122.6836    
    48.02242       -122.6656    
    48.02262       -122.6477    
    48.02283       -122.6298    
    48.02303       -122.6119    
    48.02323       -122.5940    
    48.02343       -122.5760    
    48.02362       -122.5581    
    48.02381       -122.5402    
    48.02399       -122.5222    
    48.02418       -122.5043    
    48.02436       -122.4864    
    48.02454       -122.4685    
    48.02472       -122.4505    
    48.02489       -122.4326    
    48.02506       -122.4147    
    48.02523       -122.3968    
    48.02539       -122.3788    

    48.02886       -123.0783    
    48.02914       -123.0604    
    48.02940       -123.0424    
    48.02967       -123.0245    
    48.02993       -123.0066    
    48.03019       -122.9886    
    48.03045       -122.9707    
    48.03070       -122.9528    
    48.03096       -122.9349    
    48.03121       -122.9170    
    48.03146       -122.8990    
    48.03170       -122.8811    
    48.03194       -122.8632    
    48.03218       -122.8452    
    48.03241       -122.8273    
    48.03264       -122.8094    
    48.03287       -122.7915    
    48.03310       -122.7735    
    48.03332       -122.7556    
    48.03355       -122.7377    
    48.03376       -122.7198    
    48.03398       -122.7018    
    48.03419       -122.6839    
    48.03440       -122.6660    
    48.03461       -122.6480    
    48.03481       -122.6301    
    48.03502       -122.6122    
    48.03521       -122.5942    
    48.03541       -122.5763    
    48.03560       -122.5584    
    48.03579       -122.5405    
    48.03598       -122.5225    
    48.03616       -122.5046    
    48.03635       -122.4867    
    48.03653       -122.4688    
    48.03670       -122.4508    
    48.03688       -122.4329    
    48.03704       -122.4149    
    48.03721       -122.3970    
    48.03738       -122.3791    

    48.04086       -123.0787    
    48.04113       -123.0608    
    48.04140       -123.0428    
    48.04166       -123.0249    
    48.04193       -123.0070    
    48.04219       -122.9890    
    48.04244       -122.9711    
    48.04270       -122.9532    
    48.04295       -122.9352    
    48.04320       -122.9173    
    48.04345       -122.8994    
    48.04369       -122.8815    
    48.04393       -122.8635    
    48.04417       -122.8456    
    48.04440       -122.8277    
    48.04464       -122.8097    
    48.04487       -122.7918    
    48.04509       -122.7739    
    48.04532       -122.7560    
    48.04554       -122.7380    
    48.04576       -122.7201    
    48.04597       -122.7021    
    48.04619       -122.6842    
    48.04639       -122.6663    
    48.04660       -122.6483    
    48.04681       -122.6304    
    48.04700       -122.6125    
    48.04720       -122.5945    
    48.04740       -122.5766    
    48.04760       -122.5587    
    48.04779       -122.5407    
    48.04797       -122.5228    
    48.04816       -122.5049    
    48.04834       -122.4869    
    48.04852       -122.4690    
    48.04870       -122.4511    
    48.04887       -122.4331    
    48.04904       -122.4152    
    48.04921       -122.3973    
    48.04937       -122.3793    

    48.05284       -123.0791    
    48.05311       -123.0612    
    48.05338       -123.0432    
    48.05365       -123.0253    
    48.05391       -123.0074    
    48.05418       -122.9894    
    48.05443       -122.9715    
    48.05468       -122.9536    
    48.05494       -122.9356    
    48.05518       -122.9177    
    48.05544       -122.8997    
    48.05568       -122.8818    
    48.05592       -122.8639    
    48.05616       -122.8459    
    48.05639       -122.8280    
    48.05662       -122.8101    
    48.05685       -122.7921    
    48.05708       -122.7742    
    48.05730       -122.7563    
    48.05753       -122.7383    
    48.05774       -122.7204    
    48.05796       -122.7025    
    48.05817       -122.6845    
    48.05838       -122.6666    
    48.05859       -122.6487    
    48.05880       -122.6307    
    48.05899       -122.6128    
    48.05919       -122.5948    
    48.05939       -122.5769    
    48.05958       -122.5590    
    48.05977       -122.5410    
    48.05996       -122.5231    
    48.06015       -122.5052    
    48.06033       -122.4872    
    48.06051       -122.4693    
    48.06068       -122.4513    
    48.06086       -122.4334    
    48.06103       -122.4155    
    48.06120       -122.3975    
    48.06136       -122.3796    

    48.06483       -123.0795    
    48.06511       -123.0616    
    48.06537       -123.0436    
    48.06564       -123.0257    
    48.06590       -123.0078    
    48.06617       -122.9898    
    48.06642       -122.9719    
    48.06668       -122.9539    
    48.06693       -122.9360    
    48.06718       -122.9181    
    48.06742       -122.9001    
    48.06767       -122.8822    
    48.06791       -122.8643    
    48.06815       -122.8463    
    48.06839       -122.8284    
    48.06862       -122.8104    
    48.06884       -122.7925    
    48.06907       -122.7745    
    48.06930       -122.7566    
    48.06952       -122.7386    
    48.06974       -122.7207    
    48.06995       -122.7028    
    48.07017       -122.6848    
    48.07037       -122.6669    
    48.07059       -122.6490    
    48.07079       -122.6310    
    48.07099       -122.6131    
    48.07119       -122.5951    
    48.07138       -122.5772    
    48.07158       -122.5592    
    48.07177       -122.5413    
    48.07196       -122.5234    
    48.07214       -122.5054    
    48.07232       -122.4875    
    48.07250       -122.4695    
    48.07268       -122.4516    
    48.07285       -122.4337    
    48.07302       -122.4157    
    48.07319       -122.3978    
    48.07336       -122.3798    

    48.07682       -123.0799    
    48.07709       -123.0620    
    48.07736       -123.0440    
    48.07763       -123.0261    
    48.07789       -123.0081    
    48.07815       -122.9902    
    48.07841       -122.9723    
    48.07867       -122.9543    
    48.07891       -122.9364    
    48.07917       -122.9184    
    48.07941       -122.9005    
    48.07965       -122.8825    
    48.07990       -122.8646    
    48.08013       -122.8466    
    48.08037       -122.8287    
    48.08060       -122.8108    
    48.08083       -122.7928    
    48.08106       -122.7749    
    48.08129       -122.7569    
    48.08150       -122.7390    
    48.08173       -122.7210    
    48.08194       -122.7031    
    48.08215       -122.6852    
    48.08236       -122.6672    
    48.08257       -122.6493    
    48.08278       -122.6313    
    48.08298       -122.6134    
    48.08317       -122.5954    
    48.08337       -122.5775    
    48.08356       -122.5595    
    48.08376       -122.5416    
    48.08394       -122.5237    
    48.08413       -122.5057    
    48.08431       -122.4878    
    48.08449       -122.4698    
    48.08467       -122.4518    
    48.08484       -122.4339    
    48.08501       -122.4160    
    48.08517       -122.3980    
    48.08534       -122.3801    

    48.08881       -123.0803    
    48.08908       -123.0624    
    48.08935       -123.0444    
    48.08962       -123.0265    
    48.08988       -123.0085    
    48.09014       -122.9906    
    48.09040       -122.9727    
    48.09066       -122.9547    
    48.09091       -122.9367    
    48.09116       -122.9188    
    48.09140       -122.9008    
    48.09165       -122.8829    
    48.09189       -122.8650    
    48.09213       -122.8470    
    48.09236       -122.8291    
    48.09260       -122.8111    
    48.09283       -122.7932    
    48.09305       -122.7752    
    48.09328       -122.7573    
    48.09350       -122.7393    
    48.09372       -122.7214    
    48.09393       -122.7034    
    48.09415       -122.6855    
    48.09436       -122.6675    
    48.09456       -122.6496    
    48.09477       -122.6316    
    48.09497       -122.6137    
    48.09517       -122.5957    
    48.09536       -122.5778    
    48.09556       -122.5598    
    48.09575       -122.5419    
    48.09594       -122.5239    
    48.09612       -122.5060    
    48.09630       -122.4880    
    48.09649       -122.4701    
    48.09666       -122.4521    
    48.09684       -122.4342    
    48.09700       -122.4162    
    48.09717       -122.3983    
    48.09734       -122.3803    

    48.10080       -123.0807    
    48.10107       -123.0628    
    48.10134       -123.0448    
    48.10160       -123.0269    
    48.10187       -123.0089    
    48.10213       -122.9910    
    48.10239       -122.9730    
    48.10264       -122.9551    
    48.10290       -122.9371    
    48.10314       -122.9192    
    48.10339       -122.9012    
    48.10363       -122.8833    
    48.10388       -122.8653    
    48.10411       -122.8474    
    48.10435       -122.8294    
    48.10458       -122.8115    
    48.10482       -122.7935    
    48.10504       -122.7755    
    48.10526       -122.7576    
    48.10549       -122.7397    
    48.10570       -122.7217    
    48.10592       -122.7037    
    48.10613       -122.6858    
    48.10634       -122.6678    
    48.10655       -122.6499    
    48.10675       -122.6319    
    48.10696       -122.6140    
    48.10715       -122.5960    
    48.10735       -122.5781    
    48.10755       -122.5601    
    48.10774       -122.5421    
    48.10792       -122.5242    
    48.10811       -122.5063    
    48.10829       -122.4883    
    48.10847       -122.4703    
    48.10865       -122.4524    
    48.10883       -122.4344    
    48.10899       -122.4165    
    48.10916       -122.3985    
    48.10933       -122.3806    

    48.11279       -123.0811    
    48.11306       -123.0632    
    48.11333       -123.0452    
    48.11360       -123.0273    
    48.11386       -123.0093    
    48.11412       -122.9914    
    48.11438       -122.9734    
    48.11464       -122.9554    
    48.11489       -122.9375    
    48.11514       -122.9196    
    48.11538       -122.9016    
    48.11563       -122.8836    
    48.11587       -122.8657    
    48.11611       -122.8477    
    48.11634       -122.8298    
    48.11657       -122.8118    
    48.11680       -122.7939    
    48.11703       -122.7759    
    48.11726       -122.7579    
    48.11748       -122.7400    
    48.11770       -122.7220    
    48.11792       -122.7041    
    48.11812       -122.6861    
    48.11834       -122.6682    
    48.11854       -122.6502    
    48.11875       -122.6322    
    48.11895       -122.6143    
    48.11915       -122.5963    
    48.11935       -122.5784    
    48.11954       -122.5604    
    48.11973       -122.5424    
    48.11992       -122.5245    
    48.12011       -122.5065    
    48.12029       -122.4886    
    48.12046       -122.4706    
    48.12064       -122.4526    
    48.12082       -122.4347    
    48.12099       -122.4167    
    48.12115       -122.3988    
    48.12132       -122.3808    

    48.12477       -123.0815    
    48.12505       -123.0636    
    48.12532       -123.0456    
    48.12558       -123.0277    
    48.12584       -123.0097    
    48.12611       -122.9918    
    48.12637       -122.9738    
    48.12662       -122.9558    
    48.12688       -122.9379    
    48.12712       -122.9199    
    48.12737       -122.9019    
    48.12761       -122.8840    
    48.12786       -122.8660    
    48.12809       -122.8481    
    48.12833       -122.8301    
    48.12856       -122.8122    
    48.12880       -122.7942    
    48.12902       -122.7762    
    48.12925       -122.7583    
    48.12946       -122.7403    
    48.12968       -122.7224    
    48.12990       -122.7044    
    48.13012       -122.6864    
    48.13032       -122.6685    
    48.13054       -122.6505    
    48.13074       -122.6325    
    48.13094       -122.6146    
    48.13113       -122.5966    
    48.13133       -122.5786    
    48.13153       -122.5607    
    48.13172       -122.5427    
    48.13190       -122.5247    
    48.13209       -122.5068    
    48.13228       -122.4888    
    48.13245       -122.4709    
    48.13263       -122.4529    
    48.13280       -122.4349    
    48.13297       -122.4170    
    48.13314       -122.3990    
    48.13331       -122.3810    

    48.13677       -123.0820    
    48.13704       -123.0640    
    48.13731       -123.0461    
    48.13758       -123.0281    
    48.13784       -123.0101    
    48.13810       -122.9922    
    48.13836       -122.9742    
    48.13861       -122.9562    
    48.13887       -122.9383    
    48.13911       -122.9203    
    48.13937       -122.9023    
    48.13961       -122.8844    
    48.13985       -122.8664    
    48.14009       -122.8484    
    48.14032       -122.8305    
    48.14056       -122.8125    
    48.14079       -122.7945    
    48.14101       -122.7766    
    48.14124       -122.7586    
    48.14146       -122.7406    
    48.14168       -122.7227    
    48.14190       -122.7047    
    48.14211       -122.6867    
    48.14232       -122.6688    
    48.14252       -122.6508    
    48.14273       -122.6328    
    48.14293       -122.6149    
    48.14313       -122.5969    
    48.14333       -122.5789    
    48.14352       -122.5610    
    48.14371       -122.5430    
    48.14390       -122.5250    
    48.14408       -122.5071    
    48.14427       -122.4891    
    48.14445       -122.4711    
    48.14462       -122.4532    
    48.14479       -122.4352    
    48.14497       -122.4172    
    48.14513       -122.3993    
    48.14530       -122.3813    

    48.14875       -123.0824    
    48.14902       -123.0644    
    48.14929       -123.0464    
    48.14956       -123.0285    
    48.14983       -123.0105    
    48.15009       -122.9925    
    48.15034       -122.9746    
    48.15060       -122.9566    
    48.15085       -122.9386    
    48.15110       -122.9207    
    48.15134       -122.9027    
    48.15159       -122.8847    
    48.15183       -122.8668    
    48.15207       -122.8488    
    48.15231       -122.8308    
    48.15254       -122.8128    
    48.15277       -122.7949    
    48.15300       -122.7769    
    48.15322       -122.7589    
    48.15344       -122.7410    
    48.15366       -122.7230    
    48.15388       -122.7050    
    48.15409       -122.6871    
    48.15430       -122.6691    
    48.15451       -122.6511    
    48.15471       -122.6331    
    48.15492       -122.6152    
    48.15511       -122.5972    
    48.15531       -122.5792    
    48.15551       -122.5612    
    48.15570       -122.5433    
    48.15588       -122.5253    
    48.15607       -122.5074    
    48.15625       -122.4894    
    48.15643       -122.4714    
    48.15661       -122.4534    
    48.15678       -122.4355    
    48.15696       -122.4175    
    48.15712       -122.3995    
    48.15728       -122.3815    

    48.16074       -123.0828    
    48.16102       -123.0648    
    48.16129       -123.0468    
    48.16155       -123.0289    
    48.16182       -123.0109    
    48.16208       -122.9929    
    48.16234       -122.9749    
    48.16259       -122.9570    
    48.16285       -122.9390    
    48.16310       -122.9211    
    48.16334       -122.9031    
    48.16359       -122.8851    
    48.16383       -122.8671    
    48.16407       -122.8492    
    48.16430       -122.8312    
    48.16454       -122.8132    
    48.16477       -122.7952    
    48.16499       -122.7773    
    48.16522       -122.7593    
    48.16544       -122.7413    
    48.16566       -122.7233    
    48.16587       -122.7054    
    48.16609       -122.6874    
    48.16630       -122.6694    
    48.16650       -122.6514    
    48.16671       -122.6335    
    48.16691       -122.6155    
    48.16711       -122.5975    
    48.16730       -122.5795    
    48.16750       -122.5616    
    48.16769       -122.5436    
    48.16788       -122.5256    
    48.16806       -122.5076    
    48.16825       -122.4897    
    48.16843       -122.4717    
    48.16861       -122.4537    
    48.16878       -122.4357    
    48.16895       -122.4177    
    48.16912       -122.3997    
    48.16928       -122.3818    

    48.17273       -123.0832    
    48.17300       -123.0652    
    48.17327       -123.0472    
    48.17354       -123.0293    
    48.17380       -123.0113    
    48.17406       -122.9933    
    48.17432       -122.9753    
    48.17458       -122.9574    
    48.17483       -122.9394    
    48.17508       -122.9214    
    48.17533       -122.9034    
    48.17557       -122.8855    
    48.17581       -122.8675    
    48.17605       -122.8495    
    48.17629       -122.8315    
    48.17652       -122.8135    
    48.17675       -122.7956    
    48.17698       -122.7776    
    48.17720       -122.7596    
    48.17743       -122.7416    
    48.17764       -122.7237    
    48.17786       -122.7057    
    48.17807       -122.6877    
    48.17828       -122.6697    
    48.17849       -122.6517    
    48.17870       -122.6338    
    48.17889       -122.6158    
    48.17910       -122.5978    
    48.17929       -122.5798    
    48.17949       -122.5618    
    48.17968       -122.5439    
    48.17987       -122.5259    
    48.18005       -122.5079    
    48.18023       -122.4899    
    48.18041       -122.4719    
    48.18059       -122.4539    
    48.18076       -122.4360    
    48.18094       -122.4180    
    48.18110       -122.4000    
    48.18127       -122.3820    

    48.18473       -123.0836    
    48.18500       -123.0656    
    48.18527       -123.0476    
    48.18554       -123.0297    
    48.18580       -123.0117    
    48.18606       -122.9937    
    48.18632       -122.9757    
    48.18657       -122.9577    
    48.18682       -122.9398    
    48.18708       -122.9218    
    48.18732       -122.9038    
    48.18756       -122.8858    
    48.18781       -122.8678    
    48.18805       -122.8499    
    48.18828       -122.8319    
    48.18851       -122.8139    
    48.18875       -122.7959    
    48.18898       -122.7779    
    48.18920       -122.7599    
    48.18942       -122.7420    
    48.18964       -122.7240    
    48.18986       -122.7060    
    48.19007       -122.6880    
    48.19028       -122.6700    
    48.19049       -122.6520    
    48.19069       -122.6341    
    48.19090       -122.6161    
    48.19109       -122.5981    
    48.19129       -122.5801    
    48.19148       -122.5621    
    48.19167       -122.5441    
    48.19186       -122.5262    
    48.19205       -122.5082    
    48.19223       -122.4902    
    48.19241       -122.4722    
    48.19258       -122.4542    
    48.19276       -122.4362    
    48.19293       -122.4182    
    48.19310       -122.4003    
    48.19327       -122.3823    

    48.19671       -123.0840    
    48.19698       -123.0660    
    48.19725       -123.0480    
    48.19752       -123.0301    
    48.19778       -123.0121    
    48.19804       -122.9941    
    48.19830       -122.9761    
    48.19855       -122.9581    
    48.19881       -122.9401    
    48.19906       -122.9221    
    48.19931       -122.9042    
    48.19955       -122.8862    
    48.19979       -122.8682    
    48.20003       -122.8502    
    48.20026       -122.8322    
    48.20050       -122.8142    
    48.20073       -122.7963    
    48.20096       -122.7783    
    48.20118       -122.7603    
    48.20140       -122.7423    
    48.20162       -122.7243    
    48.20184       -122.7063    
    48.20206       -122.6883    
    48.20226       -122.6703    
    48.20247       -122.6523    
    48.20268       -122.6344    
    48.20288       -122.6164    
    48.20308       -122.5984    
    48.20327       -122.5804    
    48.20346       -122.5624    
    48.20366       -122.5444    
    48.20385       -122.5264    
    48.20403       -122.5085    
    48.20421       -122.4904    
    48.20440       -122.4725    
    48.20457       -122.4545    
    48.20474       -122.4365    
    48.20492       -122.4185    
    48.20509       -122.4005    
    48.20525       -122.3825    

    48.20871       -123.0844    
    48.20898       -123.0664    
    48.20924       -123.0485    
    48.20951       -123.0305    
    48.20977       -123.0125    
    48.21004       -122.9945    
    48.21030       -122.9765    
    48.21055       -122.9585    
    48.21081       -122.9405    
    48.21106       -122.9225    
    48.21130       -122.9045    
    48.21154       -122.8865    
    48.21179       -122.8686    
    48.21203       -122.8506    
    48.21227       -122.8326    
    48.21249       -122.8146    
    48.21273       -122.7966    
    48.21295       -122.7786    
    48.21318       -122.7606    
    48.21340       -122.7426    
    48.21362       -122.7246    
    48.21384       -122.7066    
    48.21405       -122.6887    
    48.21426       -122.6707    
    48.21447       -122.6527    
    48.21467       -122.6347    
    48.21487       -122.6167    
    48.21507       -122.5987    
    48.21527       -122.5807    
    48.21547       -122.5627    
    48.21566       -122.5447    
    48.21585       -122.5267    
    48.21603       -122.5087    
    48.21621       -122.4907    
    48.21639       -122.4727    
    48.21657       -122.4547    
    48.21674       -122.4367    
    48.21692       -122.4188    
    48.21708       -122.4008    
    48.21725       -122.3828    

    48.22069       -123.0848    
    48.22096       -123.0668    
    48.22123       -123.0489    
    48.22150       -123.0309    
    48.22176       -123.0129    
    48.22202       -122.9949    
    48.22228       -122.9769    
    48.22254       -122.9589    
    48.22279       -122.9409    
    48.22304       -122.9229    
    48.22329       -122.9049    
    48.22353       -122.8869    
    48.22377       -122.8689    
    48.22401       -122.8509    
    48.22425       -122.8329    
    48.22448       -122.8149    
    48.22471       -122.7969    
    48.22494       -122.7789    
    48.22516       -122.7610    
    48.22538       -122.7430    
    48.22561       -122.7249    
    48.22582       -122.7070    
    48.22603       -122.6890    
    48.22624       -122.6710    
    48.22645       -122.6530    
    48.22666       -122.6350    
    48.22686       -122.6170    
    48.22706       -122.5990    
    48.22726       -122.5810    
    48.22745       -122.5630    
    48.22764       -122.5450    
    48.22783       -122.5270    
    48.22802       -122.5090    
    48.22820       -122.4910    
    48.22837       -122.4730    
    48.22855       -122.4550    
    48.22873       -122.4370    
    48.22890       -122.4190    
    48.22907       -122.4010    
    48.22923       -122.3830    

    48.23269       -123.0852    
    48.23296       -123.0673    
    48.23322       -123.0493    
    48.23349       -123.0313    
    48.23376       -123.0133    
    48.23402       -122.9953    
    48.23428       -122.9773    
    48.23454       -122.9593    
    48.23479       -122.9413    
    48.23503       -122.9233    
    48.23528       -122.9053    
    48.23552       -122.8873    
    48.23577       -122.8693    
    48.23601       -122.8513    
    48.23624       -122.8333    
    48.23648       -122.8153    
    48.23671       -122.7973    
    48.23694       -122.7793    
    48.23716       -122.7613    
    48.23738       -122.7433    
    48.23760       -122.7253    
    48.23782       -122.7073    
    48.23803       -122.6893    
    48.23824       -122.6713    
    48.23845       -122.6533    
    48.23866       -122.6353    
    48.23886       -122.6173    
    48.23906       -122.5993    
    48.23925       -122.5813    
    48.23944       -122.5633    
    48.23964       -122.5453    
    48.23983       -122.5273    
    48.24001       -122.5093    
    48.24020       -122.4913    
    48.24038       -122.4733    
    48.24055       -122.4553    
    48.24072       -122.4373    
    48.24090       -122.4193    
    48.24107       -122.4013    
    48.24123       -122.3833    

    48.24467       -123.0857    
    48.24494       -123.0677    
    48.24520       -123.0497    
    48.24547       -123.0316    
    48.24574       -123.0136    
    48.24600       -122.9957    
    48.24626       -122.9777    
    48.24651       -122.9597    
    48.24677       -122.9417    
    48.24702       -122.9236    
    48.24726       -122.9056    
    48.24751       -122.8876    
    48.24775       -122.8696    
    48.24799       -122.8516    
    48.24823       -122.8336    
    48.24846       -122.8156    
    48.24869       -122.7976    
    48.24892       -122.7796    
    48.24914       -122.7616    
    48.24937       -122.7436    
    48.24958       -122.7256    
    48.24980       -122.7076    
    48.25002       -122.6896    
    48.25023       -122.6716    
    48.25043       -122.6536    
    48.25064       -122.6356    
    48.25084       -122.6176    
    48.25104       -122.5996    
    48.25124       -122.5816    
    48.25143       -122.5636    
    48.25163       -122.5456    
    48.25181       -122.5276    
    48.25200       -122.5096    
    48.25218       -122.4915    
    48.25236       -122.4735    
    48.25254       -122.4555    
    48.25271       -122.4375    
    48.25288       -122.4195    
    48.25305       -122.4015    
    48.25322       -122.3835    

    48.25666       -123.0861    
    48.25693       -123.0681    
    48.25719       -123.0500    
    48.25747       -123.0320    
    48.25773       -123.0140    
    48.25800       -122.9960    
    48.25825       -122.9780    
    48.25851       -122.9600    
    48.25876       -122.9420    
    48.25901       -122.9240    
    48.25926       -122.9060    
    48.25950       -122.8880    
    48.25975       -122.8700    
    48.25998       -122.8520    
    48.26022       -122.8340    
    48.26045       -122.8160    
    48.26068       -122.7980    
    48.26091       -122.7800    
    48.26114       -122.7620    
    48.26136       -122.7440    
    48.26158       -122.7260    
    48.26180       -122.7079    
    48.26201       -122.6899    
    48.26222       -122.6719    
    48.26242       -122.6539    
    48.26263       -122.6359    
    48.26284       -122.6179    
    48.26303       -122.5999    
    48.26323       -122.5819    
    48.26342       -122.5639    
    48.26361       -122.5458    
    48.26381       -122.5278    
    48.26399       -122.5098    
    48.26417       -122.4918    
    48.26435       -122.4738    
    48.26453       -122.4558    
    48.26471       -122.4378    
    48.26487       -122.4198    
    48.26505       -122.4018    
    48.26521       -122.3838    

    48.26864       -123.0865    
    48.26892       -123.0685    
    48.26918       -123.0505    
    48.26945       -123.0324    
    48.26972       -123.0144    
    48.26998       -122.9964    
    48.27024       -122.9784    
    48.27050       -122.9604    
    48.27075       -122.9424    
    48.27100       -122.9244    
    48.27125       -122.9064    
    48.27149       -122.8884    
    48.27173       -122.8704    
    48.27197       -122.8524    
    48.27221       -122.8344    
    48.27244       -122.8163    
    48.27267       -122.7983    
    48.27290       -122.7803    
    48.27312       -122.7623    
    48.27335       -122.7443    
    48.27356       -122.7263    
    48.27378       -122.7083    
    48.27399       -122.6902    
    48.27420       -122.6722    
    48.27442       -122.6542    
    48.27462       -122.6362    
    48.27483       -122.6182    
    48.27502       -122.6002    
    48.27522       -122.5822    
    48.27541       -122.5641    
    48.27560       -122.5461    
    48.27579       -122.5281    
    48.27598       -122.5101    
    48.27616       -122.4921    
    48.27634       -122.4741    
    48.27652       -122.4561    
    48.27669       -122.4380    
    48.27686       -122.4200    
    48.27703       -122.4020    
    48.27719       -122.3840    

    48.28063       -123.0869    
    48.28091       -123.0689    
    48.28118       -123.0509    
    48.28144       -123.0329    
    48.28171       -123.0148    
    48.28197       -122.9968    
    48.28223       -122.9788    
    48.28249       -122.9608    
    48.28274       -122.9428    
    48.28299       -122.9248    
    48.28324       -122.9067    
    48.28349       -122.8887    
    48.28373       -122.8707    
    48.28397       -122.8527    
    48.28420       -122.8347    
    48.28444       -122.8167    
    48.28466       -122.7986    
    48.28489       -122.7806    
    48.28512       -122.7626    
    48.28534       -122.7446    
    48.28556       -122.7266    
    48.28577       -122.7086    
    48.28599       -122.6906    
    48.28620       -122.6725    
    48.28641       -122.6545    
    48.28661       -122.6365    
    48.28681       -122.6185    
    48.28701       -122.6005    
    48.28722       -122.5825    
    48.28741       -122.5645    
    48.28760       -122.5464    
    48.28779       -122.5284    
    48.28797       -122.5104    
    48.28815       -122.4924    
    48.28833       -122.4743    
    48.28851       -122.4563    
    48.28869       -122.4383    
    48.28886       -122.4203    
    48.28902       -122.4023    
    48.28920       -122.3842    

    48.29262       -123.0873    
    48.29290       -123.0693    
    48.29316       -123.0513    
    48.29343       -123.0333    
    48.29370       -123.0152    
    48.29396       -122.9972    
    48.29422       -122.9792    
    48.29448       -122.9612    
    48.29473       -122.9432    
    48.29498       -122.9251    
    48.29523       -122.9071    
    48.29547       -122.8891    
    48.29571       -122.8711    
    48.29595       -122.8531    
    48.29618       -122.8351    
    48.29642       -122.8170    
    48.29665       -122.7990    
    48.29688       -122.7810    
    48.29710       -122.7630    
    48.29732       -122.7449    
    48.29755       -122.7269    
    48.29776       -122.7089    
    48.29797       -122.6909    
    48.29819       -122.6729    
    48.29839       -122.6548    
    48.29860       -122.6368    
    48.29880       -122.6188    
    48.29900       -122.6008    
    48.29920       -122.5828    
    48.29940       -122.5647    
    48.29959       -122.5467    
    48.29977       -122.5287    
    48.29996       -122.5107    
    48.30014       -122.4926    
    48.30032       -122.4746    
    48.30050       -122.4566    
    48.30067       -122.4386    
    48.30085       -122.4205    
    48.30101       -122.4025    
    48.30118       -122.3845    

    48.30461       -123.0877    
    48.30489       -123.0697    
    48.30516       -123.0517    
    48.30542       -123.0337    
    48.30569       -123.0156    
    48.30595       -122.9976    
    48.30621       -122.9796    
    48.30647       -122.9616    
    48.30672       -122.9435    
    48.30697       -122.9255    
    48.30722       -122.9075    
    48.30746       -122.8895    
    48.30770       -122.8715    
    48.30794       -122.8534    
    48.30818       -122.8354    
    48.30841       -122.8174    
    48.30864       -122.7993    
    48.30887       -122.7813    
    48.30910       -122.7633    
    48.30932       -122.7453    
    48.30954       -122.7273    
    48.30975       -122.7092    
    48.30997       -122.6912    
    48.31018       -122.6732    
    48.31039       -122.6552    
    48.31060       -122.6371    
    48.31079       -122.6191    
    48.31099       -122.6011    
    48.31120       -122.5830    
    48.31139       -122.5650    
    48.31158       -122.5470    
    48.31177       -122.5290    
    48.31195       -122.5109    
    48.31214       -122.4929    
    48.31232       -122.4749    
    48.31250       -122.4568    
    48.31267       -122.4388    
    48.31284       -122.4208    
    48.31301       -122.4028    
    48.31317       -122.3847    

    48.31660       -123.0881    
    48.31687       -123.0701    
    48.31714       -123.0521    
    48.31741       -123.0341    
    48.31768       -123.0160    
    48.31794       -122.9980    
    48.31820       -122.9800    
    48.31845       -122.9619    
    48.31871       -122.9439    
    48.31895       -122.9259    
    48.31920       -122.9079    
    48.31945       -122.8898    
    48.31969       -122.8718    
    48.31993       -122.8538    
    48.32017       -122.8358    
    48.32040       -122.8177    
    48.32063       -122.7997    
    48.32086       -122.7817    
    48.32109       -122.7636    
    48.32131       -122.7456    
    48.32153       -122.7276    
    48.32174       -122.7096    
    48.32196       -122.6915    
    48.32217       -122.6735    
    48.32237       -122.6555    
    48.32258       -122.6374    
    48.32278       -122.6194    
    48.32299       -122.6014    
    48.32318       -122.5833    
    48.32338       -122.5653    
    48.32357       -122.5473    
    48.32375       -122.5292    
    48.32394       -122.5112    
    48.32412       -122.4932    
    48.32430       -122.4752    
    48.32448       -122.4571    
    48.32466       -122.4391    
    48.32483       -122.4211    
    48.32500       -122.4030    
    48.32516       -122.3850    

    48.32859       -123.0885    
    48.32887       -123.0705    
    48.32914       -123.0525    
    48.32940       -123.0345    
    48.32967       -123.0164    
    48.32993       -122.9984    
    48.33018       -122.9803    
    48.33044       -122.9623    
    48.33070       -122.9443    
    48.33095       -122.9263    
    48.33120       -122.9082    
    48.33144       -122.8902    
    48.33169       -122.8722    
    48.33192       -122.8541    
    48.33216       -122.8361    
    48.33240       -122.8181    
    48.33262       -122.8000    
    48.33285       -122.7820    
    48.33308       -122.7640    
    48.33330       -122.7459    
    48.33352       -122.7279    
    48.33374       -122.7099    
    48.33395       -122.6918    
    48.33416       -122.6738    
    48.33437       -122.6558    
    48.33458       -122.6377    
    48.33478       -122.6197    
    48.33498       -122.6017    
    48.33517       -122.5836    
    48.33537       -122.5656    
    48.33556       -122.5476    
    48.33575       -122.5295    
    48.33593       -122.5115    
    48.33612       -122.4935    
    48.33630       -122.4754    
    48.33648       -122.4574    
    48.33665       -122.4394    
    48.33682       -122.4213    
    48.33699       -122.4033    
    48.33716       -122.3853    

    48.34058       -123.0890    
    48.34085       -123.0709    
    48.34112       -123.0529    
    48.34139       -123.0349    
    48.34165       -123.0168    
    48.34192       -122.9988    
    48.34217       -122.9807    
    48.34243       -122.9627    
    48.34268       -122.9447    
    48.34293       -122.9266    
    48.34319       -122.9086    
    48.34343       -122.8906    
    48.34367       -122.8725    
    48.34391       -122.8545    
    48.34414       -122.8365    
    48.34438       -122.8184    
    48.34461       -122.8004    
    48.34484       -122.7823    
    48.34506       -122.7643    
    48.34529       -122.7463    
    48.34550       -122.7282    
    48.34572       -122.7102    
    48.34594       -122.6922    
    48.34615       -122.6741    
    48.34636       -122.6561    
    48.34656       -122.6380    
    48.34677       -122.6200    
    48.34697       -122.6020    
    48.34716       -122.5839    
    48.34736       -122.5659    
    48.34755       -122.5479    
    48.34774       -122.5298    
    48.34792       -122.5118    
    48.34810       -122.4937    
    48.34829       -122.4757    
    48.34846       -122.4576    
    48.34864       -122.4396    
    48.34881       -122.4216    
    48.34898       -122.4035    
    48.34915       -122.3855    

    48.35257       -123.0894    
    48.35284       -123.0713    
    48.35311       -123.0533    
    48.35338       -123.0352    
    48.35365       -123.0172    
    48.35391       -122.9992    
    48.35417       -122.9811    
    48.35443       -122.9631    
    48.35468       -122.9451    
    48.35493       -122.9270    
    48.35518       -122.9090    
    48.35542       -122.8909    
    48.35566       -122.8729    
    48.35590       -122.8549    
    48.35614       -122.8368    
    48.35637       -122.8188    
    48.35661       -122.8007    
    48.35683       -122.7827    
    48.35706       -122.7646    
    48.35728       -122.7466    
    48.35750       -122.7286    
    48.35772       -122.7105    
    48.35793       -122.6925    
    48.35814       -122.6744    
    48.35835       -122.6564    
    48.35855       -122.6384    
    48.35876       -122.6203    
    48.35896       -122.6023    
    48.35915       -122.5842    
    48.35935       -122.5662    
    48.35954       -122.5481    
    48.35973       -122.5301    
    48.35992       -122.5121    
    48.36010       -122.4940    
    48.36028       -122.4760    
    48.36045       -122.4579    
    48.36063       -122.4399    
    48.36081       -122.4218    
    48.36097       -122.4038    
    48.36114       -122.3857    

    48.36455       -123.0898    
    48.36483       -123.0717    
    48.36509       -123.0537    
    48.36537       -123.0356    
    48.36563       -123.0176    
    48.36589       -122.9996    
    48.36615       -122.9815    
    48.36641       -122.9635    
    48.36666       -122.9454    
    48.36691       -122.9274    
    48.36716       -122.9093    
    48.36740       -122.8913    
    48.36765       -122.8733    
    48.36789       -122.8552    
    48.36812       -122.8372    
    48.36835       -122.8191    
    48.36859       -122.8011    
    48.36882       -122.7830    
    48.36904       -122.7650    
    48.36926       -122.7469    
    48.36949       -122.7289    
    48.36970       -122.7108    
    48.36992       -122.6928    
    48.37013       -122.6747    
    48.37033       -122.6567    
    48.37054       -122.6387    
    48.37074       -122.6206    
    48.37094       -122.6026    
    48.37114       -122.5845    
    48.37133       -122.5665    
    48.37152       -122.5484    
    48.37171       -122.5304    
    48.37190       -122.5123    
    48.37209       -122.4943    
    48.37226       -122.4762    
    48.37244       -122.4582    
    48.37262       -122.4401    
    48.37279       -122.4221    
    48.37296       -122.4040    
    48.37312       -122.3860    

    48.37655       -123.0902    
    48.37682       -123.0721    
    48.37709       -123.0541    
    48.37736       -123.0360    
    48.37763       -123.0180    
    48.37789       -123.0000    
    48.37815       -122.9819    
    48.37840       -122.9639    
    48.37866       -122.9458    
    48.37891       -122.9278    
    48.37916       -122.9097    
    48.37940       -122.8917    
    48.37964       -122.8736    
    48.37988       -122.8556    
    48.38012       -122.8375    
    48.38036       -122.8195    
    48.38058       -122.8014    
    48.38081       -122.7834    
    48.38104       -122.7653    
    48.38126       -122.7473    
    48.38148       -122.7292    
    48.38170       -122.7112    
    48.38191       -122.6931    
    48.38212       -122.6751    
    48.38233       -122.6570    
    48.38254       -122.6390    
    48.38274       -122.6209    
    48.38294       -122.6029    
    48.38314       -122.5848    
    48.38333       -122.5668    
    48.38352       -122.5487    
    48.38371       -122.5307    
    48.38390       -122.5126    
    48.38408       -122.4945    
    48.38426       -122.4765    
    48.38444       -122.4584    
    48.38461       -122.4404    
    48.38478       -122.4223    
    48.38495       -122.4043    
    48.38512       -122.3862    

    48.38853       -123.0906    
    48.38881       -123.0726    
    48.38908       -123.0545    
    48.38934       -123.0365    
    48.38961       -123.0184    
    48.38987       -123.0004    
    48.39013       -122.9823    
    48.39038       -122.9642    
    48.39064       -122.9462    
    48.39089       -122.9281    
    48.39114       -122.9101    
    48.39138       -122.8920    
    48.39163       -122.8740    
    48.39186       -122.8559    
    48.39211       -122.8379    
    48.39234       -122.8198    
    48.39257       -122.8018    
    48.39280       -122.7837    
    48.39302       -122.7657    
    48.39325       -122.7476    
    48.39346       -122.7296    
    48.39368       -122.7115    
    48.39390       -122.6935    
    48.39410       -122.6754    
    48.39431       -122.6573    
    48.39452       -122.6393    
    48.39472       -122.6212    
    48.39492       -122.6031    
    48.39512       -122.5851    
    48.39532       -122.5670    
    48.39551       -122.5490    
    48.39569       -122.5309    
    48.39588       -122.5129    
    48.39606       -122.4948    
    48.39624       -122.4768    
    48.39642       -122.4587    
    48.39660       -122.4406    
    48.39677       -122.4226    
    48.39694       -122.4045    
    48.39711       -122.3865    

    48.40053       -123.0910    
    48.40080       -123.0730    
    48.40107       -123.0549    
    48.40134       -123.0369    
    48.40161       -123.0188    
    48.40187       -123.0007    
    48.40213       -122.9827    
    48.40238       -122.9646    
    48.40263       -122.9466    
    48.40289       -122.9285    
    48.40313       -122.9105    
    48.40338       -122.8924    
    48.40362       -122.8744    
    48.40387       -122.8563    
    48.40410       -122.8382    
    48.40434       -122.8202    
    48.40456       -122.8021    
    48.40479       -122.7841    
    48.40502       -122.7660    
    48.40524       -122.7479    
    48.40546       -122.7299    
    48.40568       -122.7118    
    48.40590       -122.6938    
    48.40611       -122.6757    
    48.40631       -122.6577    
    48.40652       -122.6396    
    48.40672       -122.6215    
    48.40692       -122.6035    
    48.40712       -122.5854    
    48.40731       -122.5674    
    48.40751       -122.5493    
    48.40770       -122.5312    
    48.40788       -122.5132    
    48.40806       -122.4951    
    48.40825       -122.4771    
    48.40842       -122.4590    
    48.40860       -122.4409    
    48.40877       -122.4229    
    48.40894       -122.4048    
    48.40910       -122.3867    

    48.41251       -123.0914    
    48.41278       -123.0734    
    48.41306       -123.0553    
    48.41332       -123.0373    
    48.41359       -123.0192    
    48.41385       -123.0011    
    48.41411       -122.9831    
    48.41436       -122.9650    
    48.41462       -122.9470    
    48.41487       -122.9289    
    48.41512       -122.9108    
    48.41536       -122.8928    
    48.41561       -122.8747    
    48.41584       -122.8567    
    48.41608       -122.8386    
    48.41632       -122.8205    
    48.41655       -122.8025    
    48.41677       -122.7844    
    48.41700       -122.7663    
    48.41722       -122.7483    
    48.41744       -122.7302    
    48.41766       -122.7122    
    48.41787       -122.6941    
    48.41809       -122.6760    
    48.41830       -122.6580    
    48.41850       -122.6399    
    48.41870       -122.6218    
    48.41891       -122.6038    
    48.41911       -122.5857    
    48.41930       -122.5676    
    48.41949       -122.5496    
    48.41967       -122.5315    
    48.41986       -122.5134    
    48.42005       -122.4954    
    48.42023       -122.4773    
    48.42041       -122.4592    
    48.42058       -122.4412    
    48.42075       -122.4231    
    48.42092       -122.4051    
    48.42109       -122.3870    

    48.42451       -123.0919    
    48.42478       -123.0738    
    48.42505       -123.0557    
    48.42532       -123.0377    
    48.42558       -123.0196    
    48.42584       -123.0015    
    48.42611       -122.9835    
    48.42636       -122.9654    
    48.42661       -122.9473    
    48.42686       -122.9293    
    48.42711       -122.9112    
    48.42736       -122.8931    
    48.42760       -122.8751    
    48.42784       -122.8570    
    48.42808       -122.8389    
    48.42831       -122.8209    
    48.42854       -122.8028    
    48.42877       -122.7847    
    48.42900       -122.7667    
    48.42922       -122.7486    
    48.42944       -122.7305    
    48.42966       -122.7125    
    48.42987       -122.6944    
    48.43009       -122.6763    
    48.43029       -122.6583    
    48.43050       -122.6402    
    48.43070       -122.6221    
    48.43090       -122.6041    
    48.43110       -122.5860    
    48.43129       -122.5679    
    48.43149       -122.5499    
    48.43167       -122.5318    
    48.43186       -122.5137    
    48.43204       -122.4956    
    48.43223       -122.4776    
    48.43240       -122.4595    
    48.43258       -122.4414    
    48.43275       -122.4234    
    48.43292       -122.4053    
    48.43309       -122.3872    

