    457.7278    
    455.3818    
    451.4086    
    332.0957    
    283.8582    
    411.8685    
    453.2856    
    394.8721    
    329.3106    
    225.8793    
    111.1853    
    52.09290    
    65.96701    
    144.8357    
    202.7923    
    165.9228    
    92.97828    
    75.66773    
    79.26250    
    78.03462    
    39.78208    
    0.000000    
    0.000000    
    0.000000    
   1.2941760E-02
    0.000000    
   3.7045628E-02
    0.000000    
    0.000000    
    0.000000    
    23.63966    
    61.53934    
    44.47274    
    12.61295    
    29.32741    
    62.34653    
    58.61206    
    50.31078    
    85.60852    
    73.91711    

    552.1260    
    504.3653    
    480.1165    
    363.5788    
    250.9577    
    386.3161    
    509.1921    
    470.4345    
    439.7382    
    349.0195    
    200.6800    
    106.7723    
    35.59855    
    30.55036    
    111.0849    
    140.1025    
    91.76792    
    50.77355    
    61.80914    
    68.16940    
    26.77883    
    0.000000    
    1.994379    
   4.4376846E-02
    0.000000    
    0.000000    
    0.000000    
    0.000000    
    12.85525    
    24.78652    
    26.29052    
    42.76701    
    56.23723    
    44.47090    
    42.46511    
    65.11821    
    67.49950    
    63.54649    
    83.82909    
    48.57483    

    596.9288    
    542.8651    
    382.0028    
    226.0200    
    92.01501    
    173.0394    
    370.0716    
    444.1735    
    511.9581    
    450.8814    
    262.2354    
    174.5786    
    78.18379    
    0.000000    
    27.27947    
    95.89348    
    81.86897    
    44.36158    
    47.26674    
    29.46334    
    8.218536    
    9.488263    
    13.78023    
    7.208081    
    0.000000    
    0.000000    
    0.000000    
    13.73488    
    46.22520    
    62.18493    
    29.51195    
    9.792538    
    53.81654    
    84.88140    
    68.95544    
    65.67510    
    69.70128    
    66.63408    
    77.19490    
    40.69167    

    432.2397    
    398.5106    
    261.9933    
    94.39621    
    3.281023    
    53.06661    
    173.7256    
    266.4389    
    365.0276    
    359.0644    
    220.2123    
    125.2991    
    45.32228    
    0.000000    
    30.86605    
    80.34106    
    63.27105    
    43.12786    
    27.21800    
    13.53644    
    22.72512    
    14.33087    
    12.01492    
    8.350430    
    0.000000    
    0.000000    
    0.000000    
    30.88459    
    65.40046    
    68.96941    
    36.26307    
    0.000000    
    35.91180    
    83.14349    
    75.86752    
    62.88475    
    57.76466    
    46.42772    
    35.29150    
    14.25916    

    242.0528    
    184.1554    
    106.9446    
    26.65447    
    0.000000    
    23.39145    
    72.91299    
    133.3125    
    183.4835    
    173.9426    
    113.5900    
    51.54525    
    7.786665    
    0.000000    
    24.52976    
    55.50309    
    44.65159    
    31.59616    
    10.05363    
    21.71656    
    31.08813    
    10.40530    
    6.404074    
   0.3427518    
    0.000000    
   6.5092964E-04
    0.000000    
    42.63661    
    88.00150    
    70.96198    
    29.97192    
    0.000000    
    36.90172    
    78.03088    
    83.46844    
    62.64194    
    25.29182    
    11.18834    
   0.9013464    
    0.000000    

    204.1472    
    132.6602    
    50.35999    
    0.000000    
    17.55221    
    54.29973    
    63.52773    
    70.09253    
    77.01801    
    59.19527    
    29.40893    
    5.232894    
    1.341215    
    14.38836    
    32.94378    
    53.90460    
    63.33651    
    31.34603    
    0.000000    
    18.83248    
    19.10593    
    8.193687    
    9.154304    
    0.000000    
   2.2485234E-02
   0.1233225    
    0.000000    
    54.35244    
    121.1320    
    84.19392    
    21.76550    
    0.000000    
    46.02118    
    95.29598    
    90.55768    
    38.41809    
    0.000000    
    0.000000    
    0.000000    
    23.66021    

    172.0024    
    90.38661    
    26.65921    
    0.000000    
    28.04260    
    87.84155    
    94.99638    
    67.70054    
    37.36990    
    7.173081    
    0.000000    
    0.000000    
    36.07368    
    64.83721    
    56.56423    
    82.53953    
    76.27903    
    25.04568    
    0.000000    
    16.93390    
    15.86018    
    10.42333    
    12.10375    
    0.000000    
    0.000000    
    0.000000    
    2.487758    
    63.08188    
    127.5893    
    85.77343    
    14.47338    
    0.000000    
    43.38707    
    87.28934    
    55.38653    
    7.361789    
    0.000000    
    0.000000    
    8.054899    
    52.65488    

    65.11086    
    48.53036    
    22.21347    
    0.000000    
    32.91010    
    92.00482    
    115.5745    
    102.8251    
    68.93998    
    20.39743    
    0.000000    
    19.84609    
    98.95387    
    98.80714    
    65.72838    
    79.99850    
    39.46801    
    1.616845    
    0.000000    
    10.90170    
    13.83699    
    24.18936    
    20.20682    
    0.000000    
    0.000000    
    0.000000    
    15.37036    
    68.53036    
    107.2668    
    57.48207    
    0.000000    
    7.446373    
    49.14433    
    58.63409    
    15.23314    
    0.000000    
   5.3940848E-02
    0.000000    
    31.97601    
    49.08358    

    27.72692    
    29.15920    
    13.83356    
    0.000000    
    22.23667    
    51.63913    
    75.90122    
    94.08546    
    76.80595    
    25.12828    
    0.000000    
    27.91872    
    96.19023    
    95.77014    
    69.86968    
    50.57308    
    8.664147    
    0.000000    
    0.000000    
   0.6550215    
    11.32514    
    27.28334    
    14.98988    
    0.000000    
    0.000000    
    0.000000    
    5.115539    
    47.84627    
    66.59913    
    20.99746    
    0.000000    
    9.463133    
    32.01850    
    20.92522    
    0.000000    
    0.000000    
    0.000000    
    14.10453    
    43.56057    
    23.48563    

    31.45158    
    25.30628    
    7.837781    
    0.000000    
    1.799987    
    5.195996    
    15.21416    
    30.89105    
    24.95568    
    5.536617    
    0.000000    
    14.01396    
    57.17115    
    75.84257    
    65.70731    
    59.68091    
    37.00270    
    7.484308    
    0.000000    
    0.000000    
    4.782636    
    9.449743    
    3.275547    
    0.000000    
    0.000000    
   0.1339760    
    0.000000    
    20.82895    
    38.32851    
    11.91349    
    0.000000    
    1.875523    
    2.244682    
    0.000000    
    0.000000    
    14.30871    
    32.39736    
    39.20948    
    22.46322    
    0.000000    

    23.97956    
    11.39596    
   0.4946027    
    0.000000    
    0.000000    
    0.000000    
    0.000000    
    0.000000    
    0.000000    
    0.000000    
    0.000000    
    9.889594    
    28.64508    
    52.82370    
    64.16745    
    70.75004    
    67.37109    
    41.20643    
    15.42774    
    0.000000    
    0.000000    
    0.000000    
    0.000000    
   5.2028101E-02
    0.000000    
    0.000000    
    0.000000    
    18.11205    
    52.85196    
    28.86650    
    0.000000    
    0.000000    
   0.4410162    
    4.068118    
    0.000000    
    32.76275    
    60.56222    
    23.46523    
    1.042615    
    0.000000    

    7.626405    
    1.255985    
    0.000000    
    0.000000    
    0.000000    
    0.000000    
    0.000000    
    0.000000    
    13.39562    
    13.40998    
    0.000000    
    0.000000    
    0.000000    
    27.85497    
    55.05394    
    54.58033    
    51.95530    
    57.95158    
    30.61433    
    0.000000    
    0.000000    
    0.000000    
    0.000000    
   1.2646158E-03
    0.000000    
   8.4021753E-03
    0.000000    
    37.64090    
    85.05170    
    37.87716    
    0.000000    
    0.000000    
    19.59307    
    44.63239    
    32.87833    
    33.00813    
    23.90141    
   0.3081021    
    0.000000    
    0.000000    

   2.2073517E-02
    0.000000    
    0.000000    
   2.6345253E-03
    0.000000    
    0.000000    
    0.000000    
    0.000000    
    13.46135    
    13.47577    
    0.000000    
   2.9926265E-02
    0.000000    
    4.442147    
    17.96158    
    21.73561    
    19.00165    
    26.85670    
    15.40634    
    0.000000    
   1.6822394E-02
   9.8434128E-03
    0.000000    
    0.000000    
    0.000000    
   9.4802447E-02
    0.000000    
    48.77265    
    90.93407    
    31.15333    
    0.000000    
    0.000000    
    36.90816    
    76.19646    
    63.41698    
    27.27138    
    0.000000    
    0.000000    
   6.6979520E-02
    0.000000    

    0.000000    
    0.000000    
   8.1148691E-04
   7.4575255E-05
    0.000000    
    0.000000    
    0.000000    
   0.1662314    
    0.000000    
    0.000000    
   0.1649476    
   1.4426389E-04
   0.1032041    
    0.000000    
    0.000000    
    0.000000    
    0.000000    
   0.6648647    
   0.7909280    
    0.000000    
    0.000000    
    0.000000    
   4.1825779E-02
    0.000000    
    0.000000    
    0.000000    
    5.783961    
    56.85680    
    59.86794    
    9.566077    
    0.000000    
    1.220409    
    53.46508    
    87.59896    
    48.62946    
    10.36868    
    0.000000    
   4.5483101E-02
    0.000000    
    0.000000    

   3.3802862E-04
   1.7184261E-03
    0.000000    
    0.000000    
    0.000000    
    0.000000    
    0.000000    
    0.000000    
    0.000000    
    0.000000    
    0.000000    
    0.000000    
   5.5659917E-04
    0.000000    
    0.000000    
    0.000000    
    0.000000    
    0.000000    
    0.000000    
   3.1629026E-02
   2.1581447E-02
    0.000000    
    5.966856    
    10.02408    
    6.297942    
    7.448233    
    34.55693    
    71.91708    
    36.38710    
    0.000000    
    0.000000    
    12.51931    
    81.21297    
    99.57906    
    30.83665    
    0.000000    
    0.000000    
   1.2352596E-03
    0.000000    
    0.000000    

   9.5680921E-04
    0.000000    
    0.000000    
    0.000000    
    0.000000    
    0.000000    
    0.000000    
    0.000000    
    0.000000    
    0.000000    
    0.000000    
    0.000000    
    0.000000    
    0.000000    
    0.000000    
    0.000000    
    0.000000    
    0.000000    
    0.000000    
   2.4884764E-02
    0.000000    
    0.000000    
    16.89837    
    26.52737    
    22.33715    
    34.16104    
    56.33307    
    60.67878    
    22.17735    
    0.000000    
    0.000000    
    27.61307    
    99.16898    
    95.76717    
    23.33253    
    0.000000    
   3.3894572E-02
   4.8155643E-04
    0.000000    
    0.000000    

    0.000000    
    0.000000    
    0.000000    
    0.000000    
    0.000000    
    0.000000    
    0.000000    
    0.000000    
    0.000000    
    0.000000    
    0.000000    
    0.000000    
    0.000000    
    0.000000    
    0.000000    
    0.000000    
    0.000000    
   1.2927174E-03
   7.3023766E-02
    0.000000    
    0.000000    
    3.070396    
    23.82243    
    32.19344    
    34.38150    
    50.86359    
    60.83013    
    36.53507    
    3.691670    
    0.000000    
    0.000000    
    43.04959    
    115.0970    
    102.2845    
    28.70798    
    0.000000    
    0.000000    
   3.4098800E-02
    0.000000    
    0.000000    

    0.000000    
    0.000000    
    0.000000    
    0.000000    
    0.000000    
    0.000000    
    0.000000    
    0.000000    
    0.000000    
    0.000000    
    0.000000    
    0.000000    
    0.000000    
    0.000000    
    0.000000    
    0.000000    
    0.000000    
   0.1039176    
    0.000000    
    1.779326    
    25.90614    
    35.68400    
    28.65074    
    36.33670    
    49.07523    
    60.26501    
    54.13875    
    19.05089    
    0.000000    
   7.4989195E-03
    0.000000    
    53.54457    
    135.2399    
    122.1465    
    52.36531    
    7.405506    
    1.684036    
    0.000000    
    0.000000    
    0.000000    

    0.000000    
    0.000000    
    0.000000    
    0.000000    
    0.000000    
    0.000000    
    0.000000    
    0.000000    
    0.000000    
    0.000000    
    0.000000    
    0.000000    
    0.000000    
    0.000000    
    0.000000    
    0.000000    
    0.000000    
    0.000000    
    5.307436    
    25.59578    
    44.27195    
    40.96603    
    26.17646    
    42.67894    
    57.51980    
    48.04889    
    28.41633    
    4.382374    
    0.000000    
   1.2552955E-02
    0.000000    
    53.00423    
    142.9935    
    131.1902    
    74.19656    
    29.00078    
    2.324508    
    0.000000    
    0.000000    
    0.000000    

    0.000000    
    0.000000    
    0.000000    
    0.000000    
    0.000000    
    0.000000    
    0.000000    
    0.000000    
    0.000000    
    0.000000    
    0.000000    
    0.000000    
    0.000000    
    0.000000    
    0.000000    
    0.000000    
    0.000000    
    0.000000    
    21.57021    
    43.47311    
    19.02311    
    4.934851    
    8.016920    
    18.45767    
    23.76970    
    13.14298    
    3.362995    
    0.000000    
   0.1029164    
    0.000000    
    0.000000    
    52.38826    
    138.9922    
    126.9990    
    79.79276    
    34.32616    
   0.8627062    
    8.244475    
    8.760092    
   2.4828527E-02

    0.000000    
    0.000000    
    0.000000    
    0.000000    
    0.000000    
    0.000000    
    0.000000    
    0.000000    
    0.000000    
    0.000000    
    0.000000    
    0.000000    
    0.000000    
    0.000000    
    0.000000    
    0.000000    
    0.000000    
    0.000000    
    31.24927    
    54.37403    
    22.90595    
    6.615806    
    5.601766    
    4.691267    
   0.4384766    
    0.000000    
    0.000000    
   8.4458083E-02
   8.1392168E-04
    0.000000    
    0.000000    
    48.53378    
    131.1309    
    121.3896    
    75.83796    
    37.90697    
    13.85307    
    27.03988    
    20.25826    
    1.104161    

    0.000000    
    0.000000    
    0.000000    
    0.000000    
    0.000000    
    0.000000    
    0.000000    
    0.000000    
    0.000000    
    0.000000    
    0.000000    
    0.000000    
    0.000000    
    0.000000    
    0.000000    
    0.000000    
    0.000000    
    0.000000    
    27.32486    
    61.85642    
    49.36139    
    34.48561    
    31.05882    
    37.16819    
    21.51357    
    0.000000    
    0.000000    
   2.7395759E-02
    0.000000    
    0.000000    
    0.000000    
    17.78562    
    67.25665    
    63.13297    
    37.78405    
    37.21985    
    33.86894    
    26.74546    
    8.952470    
    1.479610    

    0.000000    
    0.000000    
    0.000000    
    0.000000    
    0.000000    
    0.000000    
    0.000000    
    0.000000    
    0.000000    
    0.000000    
    0.000000    
    0.000000    
    0.000000    
    0.000000    
    0.000000    
    0.000000    
    0.000000    
    0.000000    
    8.286834    
    33.68111    
    49.43809    
    49.02899    
    46.17050    
    53.12309    
    29.98629    
   0.3914205    
   0.9660941    
    0.000000    
    0.000000    
    0.000000    
   0.2939152    
    0.000000    
    3.775971    
    3.064155    
    3.379360    
    20.48645    
    22.38782    
    8.048528    
    0.000000    
   0.7333485    

    0.000000    
    0.000000    
    0.000000    
    0.000000    
    0.000000    
    0.000000    
    0.000000    
    0.000000    
    0.000000    
    0.000000    
    0.000000    
    0.000000    
    0.000000    
    0.000000    
    0.000000    
    0.000000    
    0.000000    
   0.1643918    
    0.000000    
    5.935488    
    42.91879    
    60.43398    
    49.42797    
    39.79635    
    14.18170    
    8.827892    
    10.21982    
    0.000000    
   4.6829041E-02
    0.000000    
    0.000000    
    0.000000    
    0.000000    
    0.000000    
   0.6537530    
    3.617282    
    1.583806    
    0.000000    
    0.000000    
    0.000000    

    0.000000    
    0.000000    
    0.000000    
    0.000000    
    0.000000    
    0.000000    
    0.000000    
    0.000000    
    0.000000    
    0.000000    
    0.000000    
    0.000000    
    0.000000    
    0.000000    
    0.000000    
    0.000000    
    0.000000    
    0.000000    
    0.000000    
    0.000000    
    39.70369    
    65.56973    
    45.24836    
    32.71301    
    9.951512    
    13.67252    
    13.13717    
    0.000000    
    0.000000    
    14.98211    
    48.00846    
    35.07554    
    2.872225    
    0.000000    
    0.000000    
    0.000000    
    0.000000    
   2.5099913E-02
    0.000000    
    0.000000    

    0.000000    
    0.000000    
    0.000000    
    0.000000    
    0.000000    
    0.000000    
    0.000000    
    0.000000    
    0.000000    
    0.000000    
    0.000000    
    0.000000    
    0.000000    
    0.000000    
    0.000000    
    0.000000    
    0.000000    
    0.000000    
   4.0177077E-02
    0.000000    
    16.65494    
    37.93346    
    41.15101    
    43.06682    
    27.82617    
    23.76056    
    16.59583    
    5.291195    
    14.48417    
    59.26413    
    117.4355    
    97.43726    
    26.57449    
    0.000000    
    0.000000    
    0.000000    
    0.000000    
   1.7381103E-03
    0.000000    
   0.1211921    

    0.000000    
    0.000000    
    0.000000    
    0.000000    
    0.000000    
    0.000000    
    0.000000    
    0.000000    
    0.000000    
    0.000000    
    0.000000    
    0.000000    
    0.000000    
    0.000000    
    0.000000    
    0.000000    
    0.000000    
    0.000000    
    0.000000    
   2.4188828E-02
    0.000000    
    9.313690    
    35.73528    
    55.37170    
    46.35732    
    37.06920    
    25.82986    
    24.31902    
    53.66122    
    96.09246    
    129.1908    
    103.3123    
    32.21079    
    0.000000    
    0.000000    
    0.000000    
   2.6720967E-03
    0.000000    
    0.000000    
   0.7322103    

    0.000000    
    0.000000    
    0.000000    
    0.000000    
    0.000000    
    0.000000    
    0.000000    
    0.000000    
    0.000000    
    0.000000    
    0.000000    
    0.000000    
    0.000000    
    0.000000    
    0.000000    
    0.000000    
    0.000000    
    0.000000    
    0.000000    
   2.2318436E-02
    0.000000    
   0.8945646    
    22.19111    
    50.80532    
    47.12272    
    37.25184    
    30.27141    
    44.59999    
    89.55338    
    113.0017    
    110.9171    
    61.36937    
    6.991703    
    0.000000    
   5.6855143E-03
    0.000000    
    0.000000    
    0.000000    
   0.8595645    
    2.172240    

    0.000000    
    0.000000    
    0.000000    
    0.000000    
    0.000000    
    0.000000    
    0.000000    
    0.000000    
    0.000000    
    0.000000    
    0.000000    
    0.000000    
    0.000000    
    0.000000    
    0.000000    
    0.000000    
    0.000000    
    0.000000    
    0.000000    
   2.3137248E-04
    0.000000    
    0.000000    
    10.91327    
    26.94844    
    25.54632    
    31.92315    
    49.70436    
    75.51440    
    107.5724    
    114.5145    
    70.96378    
    13.81186    
    0.000000    
   2.2701409E-02
    0.000000    
   8.7929800E-02
   0.3397522    
    1.120705    
    2.474259    
    3.112656    

    0.000000    
    0.000000    
    0.000000    
    0.000000    
    0.000000    
    0.000000    
    0.000000    
    0.000000    
    0.000000    
    0.000000    
    0.000000    
    0.000000    
    0.000000    
    0.000000    
    0.000000    
    0.000000    
    0.000000    
    0.000000    
    0.000000    
    0.000000    
   9.6928328E-03
    0.000000    
    1.663994    
    7.010450    
    10.26072    
    16.74392    
    33.49366    
    53.72378    
    69.68837    
    62.95791    
    23.10590    
    0.000000    
    0.000000    
   6.3453175E-02
    0.000000    
   0.5220733    
    1.433875    
    2.481785    
    3.149339    
    3.010454    

    0.000000    
    0.000000    
    0.000000    
    0.000000    
    0.000000    
    0.000000    
    0.000000    
    0.000000    
    0.000000    
    0.000000    
    0.000000    
    0.000000    
    0.000000    
    0.000000    
    0.000000    
    0.000000    
    0.000000    
    0.000000    
    0.000000    
    0.000000    
   4.7859337E-04
   2.5980242E-02
    0.000000    
    1.707849    
    11.43105    
    29.66672    
    35.80782    
    30.23771    
    22.45849    
    4.827518    
    0.000000    
    2.979288    
    2.944269    
    0.000000    
   0.2495389    
    2.349260    
    4.475730    
    3.575983    
    2.616087    
    2.993351    

    0.000000    
    0.000000    
    0.000000    
    0.000000    
    0.000000    
    0.000000    
    0.000000    
    0.000000    
    0.000000    
    0.000000    
    0.000000    
    0.000000    
    0.000000    
    0.000000    
    0.000000    
    0.000000    
    0.000000    
    0.000000    
    0.000000    
    0.000000    
    0.000000    
   1.2635018E-03
    0.000000    
    0.000000    
    17.64110    
    55.66545    
    79.93305    
    85.68262    
    37.53598    
    0.000000    
    0.000000    
    9.656232    
    11.35944    
   0.5333800    
    4.666977    
    12.47995    
    14.65415    
    7.581077    
    1.783623    
    2.681990    

    0.000000    
    0.000000    
    0.000000    
    0.000000    
    0.000000    
    0.000000    
    0.000000    
    0.000000    
    0.000000    
    0.000000    
    0.000000    
    0.000000    
    0.000000    
    0.000000    
    0.000000    
    0.000000    
    0.000000    
    0.000000    
    0.000000    
    0.000000    
    0.000000    
    0.000000    
    0.000000    
    0.000000    
    15.21994    
    53.80466    
    94.60036    
    107.1358    
    44.48483    
    0.000000    
    0.000000    
    23.21914    
    30.21305    
    4.320858    
    4.502418    
    17.16556    
    18.92044    
    6.839735    
    2.197440    
    2.725106    

    0.000000    
    0.000000    
    0.000000    
    0.000000    
    0.000000    
    0.000000    
    0.000000    
    0.000000    
    0.000000    
    0.000000    
    0.000000    
    0.000000    
    0.000000    
    0.000000    
    0.000000    
    0.000000    
    0.000000    
    0.000000    
    0.000000    
    0.000000    
    0.000000    
    0.000000    
    0.000000    
    0.000000    
    8.758269    
    26.87487    
    67.62093    
    72.97585    
    19.75455    
    0.000000    
    0.000000    
    38.63494    
    54.44833    
    13.57363    
   0.4559814    
    7.720601    
    8.703195    
    2.924752    
    2.975325    
    3.031039    

    0.000000    
    0.000000    
    0.000000    
    0.000000    
    0.000000    
    0.000000    
    0.000000    
    0.000000    
    0.000000    
    0.000000    
   2.1408739E-02
    0.000000    
    0.000000    
   2.1410128E-02
    0.000000    
    0.000000    
    0.000000    
    0.000000    
    0.000000    
    0.000000    
    0.000000    
    0.000000    
   4.9093269E-02
    0.000000    
    6.756895    
    16.62090    
    29.27343    
    27.39858    
    5.682173    
    0.000000    
    8.414087    
    54.08113    
    68.72623    
    23.29211    
   0.2754189    
    2.569013    
    2.449464    
    2.941493    
    3.011968    
    3.003409    

    0.000000    
    0.000000    
    0.000000    
    0.000000    
    0.000000    
    0.000000    
    0.000000    
    0.000000    
    0.000000    
    0.000000    
    0.000000    
    1.770486    
    1.390292    
    0.000000    
    0.000000    
    0.000000    
    0.000000    
   0.2299379    
    0.000000    
    0.000000    
    0.000000    
    0.000000    
    0.000000    
    0.000000    
    34.24458    
    58.96569    
    28.02709    
    5.660751    
   0.1655978    
    0.000000    
    26.57442    
    72.52590    
    63.24477    
    18.31109    
   0.7666572    
    2.979831    
    2.979834    
    3.002241    
    3.002801    
    2.955353    

    0.000000    
    0.000000    
    0.000000    
    0.000000    
    0.000000    
    0.000000    
    0.000000    
    0.000000    
    0.000000    
    0.000000    
    0.000000    
    1.425461    
    4.600070    
    5.405151    
    1.194523    
    17.79055    
    17.09214    
    0.000000    
   2.0138065E-03
    0.000000    
    0.000000    
    0.000000    
    0.000000    
    26.30205    
    95.71671    
    95.65180    
    36.98323    
    30.58447    
    19.51184    
    0.000000    
    34.85551    
    75.34467    
    43.47341    
    5.980221    
    2.227485    
    3.010372    
    2.874243    
    2.779637    
    2.824889    
    2.943517    

